


X = [ -1.00483147e-01  -1.20767176e-01  -1.17733271e-01  -1.00508343e-01
  -1.08501582e-01  -1.08923848e-01  -1.11413905e-01  -1.24291992e-01
  -8.05274068e-02  -1.18150059e-01  -4.48988981e-02  -1.30436754e-01
  -8.44326234e-02  -1.39647275e-01  -1.60217218e-01  -1.20906961e-01
  -9.32807202e-02  -1.37842284e-01  -1.31396758e-01  -1.30783419e-01
  -1.31396758e-01  -1.12280826e-01  -8.33375434e-02  -1.24065783e-01
  -9.60365069e-02  -1.40907520e-01  -1.33146082e-01  -1.00101692e-01
  -1.17265172e-01  -1.18525640e-01  -1.73475992e-01  -1.00483147e-01
  -1.12528091e-01  -5.35828933e-02  -5.18931824e-02  -1.03984114e-01
  -8.88988491e-02  -1.08674058e-01  -9.84220830e-02  -1.12833857e-01
  -1.03040230e-01  -1.18255777e-01  -8.37958265e-02  -9.27985348e-02
  -1.12666546e-01  -1.01742388e-01   4.51280611e-01  -1.03943278e-01
  -1.07205235e-01  -8.66408902e-02  -1.03046675e-01  -1.07316040e-01
  -1.24058570e-01  -1.06179641e-01  -1.00530672e-01   1.41711993e-02
   2.95733860e-02  -6.07263521e-02  -2.09779542e-02  -1.04646232e-01
  -9.75583461e-02   6.77996490e-02  -7.84066896e-02  -9.72794001e-02
  -1.15432972e-01   2.32386328e-02  -1.27336910e-01  -1.23401404e-01
  -1.01780696e-01  -4.11499843e-02  -1.04209660e-01  -1.00557533e-01
  -1.25139703e-01  -4.15431460e-03  -1.35851896e-01  -1.12359400e-01
  -1.21737019e-01  -1.09071341e-01  -5.31398096e-02  -9.14210679e-02
  -4.59372170e-02  -1.43690851e-01  -1.15706650e-01  -9.90826616e-02
  -1.19253297e-01  -1.10266178e-01  -1.09408678e-01  -1.03373723e-01
  -7.12680740e-02  -1.40106195e-01  -9.44199484e-02  -8.48363152e-02
   6.74612175e-02  -1.37948150e-01  -1.37188060e-01  -1.48506810e-01
  -4.12014637e-02  -8.57762486e-02  -9.86671316e-02  -6.97589161e-02
  -8.79749340e-02   2.96697780e-01   3.49730203e-01   6.41873726e-01
   6.87662372e-01   7.38216295e-01   2.67748768e-01   5.91765236e-01
   6.86890770e-01   4.85697024e-01   6.36305003e-01   7.55508430e-01
   8.14461699e-01   3.05950529e-01   6.59700664e-01   5.99529531e-01
   5.88477788e-01   6.26330089e-01   4.15527235e-01   6.64763600e-01
   7.25751204e-01   7.34181637e-01   7.37916516e-01   7.35066708e-01
   4.16935796e-01   6.55596793e-01   5.64825524e-01   6.22599065e-01
   6.72754542e-01   8.14461699e-01   7.47267651e-01   7.07430914e-01
   5.13975008e-01   6.94407866e-01   6.64252429e-01   4.63121897e-01
   6.92471634e-01   6.35277979e-01   8.14461699e-01   5.96054451e-01
   6.07356132e-01   7.13099981e-01   7.04829304e-01   8.14461699e-01
   5.72743353e-01   5.54157873e-01   2.29802626e-01   4.67088146e-01
   5.86546644e-01   4.46657047e-01   6.07606178e-01   2.03240355e-01
   1.38792321e-01   2.96111808e-01   2.45129643e-01   2.41535528e-01
   2.47654721e-01   6.23799583e-01   1.02971132e-01   1.88666192e-01
   1.85955715e-01   1.30128707e-01   5.78311284e-01   4.11680004e-01
   3.70664054e-01   6.38370780e-01   5.89356107e-01   7.17804356e-01
   6.43156830e-01   7.61205982e-01   8.14461699e-01   7.44075604e-01
   7.94046933e-01   7.05902903e-01   7.19362204e-01   5.82074830e-01
   4.67566596e-01   5.84911193e-01   6.09632017e-01   3.19829653e-01
   5.09136372e-01   6.26005083e-01   5.08563195e-01   4.21812685e-01
   6.07397612e-01   6.57827236e-01   7.11984185e-01   3.98781574e-01
   6.73253358e-01   7.10403200e-01   3.68020434e-01   5.93127617e-01
   3.36809892e-01   2.12102479e-01   6.15483869e-02   6.41969860e-01
   1.28146521e-01   1.54085904e-01   3.05421196e-01   1.47416295e-01
   7.06023908e-01  -1.87230940e-01  -2.22002439e-01   1.17759046e-02
  -2.89894518e-01  -3.14492837e-01  -3.14091928e-01  -2.72974915e-01
  -2.15833365e-01  -2.27118018e-01  -1.84789327e-01  -2.83260856e-01
  -2.29268764e-01  -2.65386215e-01  -2.02366026e-01  -2.39863641e-01
  -1.45285569e-01  -1.71944279e-01  -1.79085725e-01  -2.38236081e-01
  -2.55273198e-01  -1.68524717e-01   2.43478517e-02  -2.25532721e-01
  -2.41053771e-01  -2.85257105e-01  -2.74498598e-01  -2.57916027e-01
  -3.10163034e-01  -3.04046992e-01  -3.10160585e-01  -2.29890461e-01
  -3.17320253e-01  -3.09459854e-01  -2.42630155e-01  -2.41398658e-01
  -3.10398153e-01  -2.79683608e-01  -3.15955006e-01  -2.94792799e-01
  -2.18166316e-01   3.86504919e-02  -2.69741890e-01  -2.81620422e-01
  -2.33055516e-01  -2.87116529e-01  -2.07649748e-01  -2.33528652e-01
  -2.55830243e-01  -1.39275420e-01  -2.14003096e-01  -2.60753245e-01
  -3.07806734e-01  -2.87722549e-01  -2.44774070e-01  -3.10619109e-01
  -1.78455303e-01  -2.19949004e-01  -2.70280105e-01  -2.04363914e-01
  -2.44536903e-01  -2.42081018e-01  -2.76903770e-01  -2.11535486e-01
  -1.93768543e-01  -8.10879553e-02  -2.33574439e-01  -2.76086167e-01
  -2.38509281e-01  -1.88175148e-01  -2.37876011e-01  -2.53298608e-01
  -2.88279910e-01  -1.68062903e-01  -2.27067888e-01  -2.24993954e-01
  -2.24881045e-01  -1.46110247e-01  -1.87386414e-01  -2.80618401e-01
  -2.76665992e-01  -2.32181869e-01  -2.35159657e-01  -1.75197966e-01
  -2.08226396e-01  -2.19999950e-01  -1.78388579e-01  -3.01684725e-01
  -1.43793772e-01  -2.09745816e-01  -2.27702741e-01  -2.84880332e-01
  -2.60798875e-01  -1.91525353e-01  -1.72974948e-01  -3.15515600e-01
  -3.16095522e-01  -3.10181837e-01  -3.18193868e-01  -2.98593610e-01
  -3.95759753e-02  -2.38749429e-01  -2.93877118e-01  -3.16539926e-01
  -3.18508183e-01  -2.78310859e-01  -3.21951574e-01  -2.30216473e-01
  -3.04327180e-01   1.45047785e-01  -2.40122473e-01  -9.83525885e-02
  -2.54691660e-01  -1.86114233e-01  -1.47922728e-01  -1.31133526e-01
   1.36176533e-02  -1.23599244e-01  -1.15195907e-01  -1.33995382e-01
  -1.29935190e-01  -5.33851324e-02  -2.23865540e-01  -2.57724962e-01
  -2.20978792e-01  -2.35176535e-01  -2.21915447e-01  -1.71259945e-01
  -2.27702741e-01  -2.29698256e-01  -2.27617615e-01  -2.28198073e-05
  -1.97786273e-01  -2.23263611e-01  -1.29561759e-01  -2.34812028e-01
  -2.19948844e-01  -2.08975250e-01  -1.92802052e-01   1.30110880e-01
  -1.44952521e-01  -2.61747611e-01  -2.82509241e-01  -3.01550907e-01
  -2.44657519e-01  -2.68441681e-01  -1.41386884e-01  -2.87894894e-01
  -1.21530541e-01  -2.26865095e-01  -3.05887080e-01   1.12989662e-02
  -2.99228945e-01  -3.23318438e-01  -3.13135966e-01  -1.49995972e-01
  -2.20455310e-01  -1.86355267e-01  -2.16978017e-01  -1.91386285e-01
  -1.59547922e-01  -2.20208602e-01  -1.79401057e-01  -1.82033405e-01
  -1.76785211e-01  -2.27880462e-01  -2.32385737e-01  -2.42765447e-01
  -2.12595540e-01  -1.93938748e-01  -2.42335093e-01  -2.66300997e-01
  -1.82628552e-01  -2.64399089e-01  -2.28989750e-01   1.34946411e-01
  -2.92586416e-01  -3.00902575e-01  -2.87165655e-01  -2.48418095e-01
  -3.15951902e-01  -2.76665163e-01  -2.28207738e-01  -2.35304757e-01
  -2.40052647e-01  -2.27214043e-01  -2.45719122e-01  -2.25212158e-01
  -2.86956189e-01  -2.80830813e-01  -3.13481901e-01  -1.92726732e-01
  -2.92568304e-01  -3.05141299e-01  -2.83646684e-01  -2.84042727e-01
  -2.91748783e-01  -2.32552971e-01  -2.54048513e-01  -2.71268458e-01];
Y = [  2.69475290e-01   6.38757562e-01   3.11530434e-01   3.13344193e-01
   4.59547250e-01   2.41836393e-01   2.08669914e-01   2.22252175e-01
   2.02764316e-01   2.16848254e-01   5.99400553e-01   5.82037141e-01
   2.47987825e-01   6.40690599e-01   5.04317712e-01   6.60599553e-01
   5.49870957e-01   5.49148006e-01   7.22017280e-01   6.63541542e-01
   7.22017280e-01   4.70104084e-01   6.45477228e-01   4.59455042e-01
   6.39806146e-01   6.21495933e-01   6.84199638e-01   2.65286814e-01
   2.20518640e-01   2.22834204e-01  -8.49858286e-02   2.69475290e-01
   2.76259974e-01   2.56032118e-01   2.62232904e-01   4.34884592e-01
   2.75287901e-01   2.45049769e-01   2.27016940e-01   2.61337014e-01
   2.71461353e-01   1.77870216e-01   2.88028074e-01   4.00428371e-01
   2.81476330e-01   3.48982326e-01  -3.01439456e-02   1.85856114e-01
   2.72036582e-01   1.98917848e-01   1.08793830e-01   1.13728004e-01
   2.91783109e-01   1.35760432e-01   3.52222719e-01   3.93077244e-01
   3.71196266e-01   1.56266482e-01   5.11482063e-01   3.44600259e-01
   4.21939583e-01   2.35428316e-01   2.28424425e-01   3.53012612e-01
   3.77259694e-01   2.28645376e-01   5.25517275e-01   6.38270246e-01
   2.38118099e-01   3.49336246e-01   4.60196963e-01   3.98993006e-01
   5.47188749e-01   4.43188984e-01   6.63406663e-01   4.88280920e-01
   5.64421000e-01   3.65413670e-01   4.68833407e-01   1.88117738e-01
   3.89136525e-01   4.77047386e-01   5.14468542e-01   3.76669945e-01
   5.27714772e-01   5.00685833e-01   4.85330782e-01   4.02334365e-01
   4.35401982e-01   5.86348388e-01   3.19761009e-01   4.13674432e-01
   4.48193030e-01   6.64592329e-01   6.49403321e-01   5.66695331e-01
   5.36107638e-01   4.47443282e-01   4.47996917e-01   6.16125648e-01
   6.50464640e-01   2.24545199e-02   5.17612901e-03  -9.00065857e-02
  -1.04924896e-01  -1.11594436e-01   2.29896739e-02  -8.68673231e-02
  -8.81995347e-02  -7.28539188e-02  -9.30649837e-02  -1.43999347e-01
  -1.46237138e-01   2.49312220e-02  -1.17749282e-01  -6.64091705e-02
  -1.24237378e-01  -8.49423433e-02  -1.23735638e-02  -8.04919848e-02
  -1.37997772e-01  -1.25758507e-01  -1.30968982e-01  -1.20369610e-01
  -7.08064757e-02  -1.26790503e-01  -6.49036603e-02  -1.30542887e-01
  -1.20402319e-01  -1.46237138e-01  -1.43686538e-01  -1.61989044e-01
  -8.55788717e-02  -1.31303630e-01  -1.09925145e-01  -3.17677989e-02
  -1.29368937e-01  -7.18551779e-02  -1.46237138e-01  -9.51843225e-02
  -7.87604751e-02  -1.08719774e-01  -1.42075632e-01  -1.46237138e-01
  -1.16708268e-01  -1.91760748e-01   2.85326023e-02  -1.39364874e-01
  -6.12366849e-02  -4.13962946e-02  -7.63178907e-02   5.41019566e-02
   8.37857713e-02   2.20825180e-02   4.33827125e-02   6.88274451e-03
   2.51645587e-02  -5.97503133e-02   1.06098710e-01   5.36007671e-02
   5.28560575e-02   1.44679180e-01  -1.14448323e-01  -7.14901995e-02
  -1.64428844e-03  -8.61300413e-02  -9.58617495e-02  -1.26183969e-01
  -9.69548394e-02  -1.28885996e-01  -1.46237138e-01  -1.04296358e-01
  -1.47422278e-01  -1.44230311e-01  -1.15252956e-01  -7.40983601e-02
   8.85544923e-03  -7.14477333e-02  -7.95019769e-02   2.86462751e-02
  -5.09821830e-02  -1.31564586e-01  -9.55194402e-02  -4.15788846e-02
  -1.03670950e-01  -9.52043679e-02  -1.19790285e-01  -2.03468308e-02
  -1.00230323e-01  -1.15075181e-01  -2.01938866e-02  -4.14876062e-02
  -2.24560394e-02   3.15729653e-02  -2.80696151e-02  -1.06589841e-01
   2.79163111e-02   4.54562205e-02   4.87062832e-02   7.03531530e-02
  -1.19910795e-01  -1.25576759e-01  -1.25731902e-01  -5.20657396e-02
  -3.49208444e-01  -3.46812932e-01  -3.34018611e-01  -3.23481899e-01
  -1.53811398e-01  -1.08924065e-01  -5.15926708e-02  -2.94404980e-01
  -1.10340999e-01  -2.08990630e-01  -6.21185503e-02  -8.97029444e-02
   6.83984255e-02   1.40472073e-01  -3.08816366e-02  -1.50257487e-01
  -1.61640013e-01  -9.26357465e-03   6.94104687e-02  -1.07033493e-01
  -1.39988922e-01  -2.86907242e-01  -2.03144599e-01  -1.99603885e-01
  -3.65475972e-01  -3.25233441e-01  -3.29827050e-01  -9.87298917e-02
  -3.73393899e-01  -3.66688737e-01  -1.43469730e-01  -2.49930152e-01
  -3.60813735e-01  -2.70203430e-01  -3.60351113e-01  -3.22198117e-01
  -1.03871356e-01   1.35371213e-01  -1.75590469e-01  -2.15813120e-01
  -1.18446483e-01  -2.42888544e-01  -1.21365816e-01  -2.61238680e-01
  -1.55645149e-01  -9.00066672e-02  -1.95148297e-01  -2.59253340e-01
  -3.47209104e-01  -2.90313045e-01  -1.71269809e-01  -3.81976766e-01
  -1.37410137e-01  -2.31406843e-01  -1.82135187e-01  -1.19170095e-01
  -1.39178890e-01  -1.39247777e-01  -1.91540633e-01  -1.06890241e-01
  -9.62794672e-02  -9.51162664e-02  -9.39032761e-02  -2.46525407e-01
  -1.20715591e-01  -6.89171944e-02  -1.16020128e-01  -1.69356936e-01
  -2.29037162e-01  -1.49161846e-01  -1.04589861e-01  -1.03639726e-01
  -1.03124258e-01  -3.53329066e-02  -1.32907626e-01  -1.82235187e-01
  -2.13461884e-01  -2.47797612e-01  -1.35001245e-01  -1.65697461e-01
  -2.98472947e-02  -1.64091344e-02  -1.91381487e-01  -3.30451583e-01
  -1.50612597e-01  -9.98692179e-02  -1.26971595e-01  -2.66431096e-01
  -1.95505468e-01  -2.58656216e-01  -2.09996453e-02  -3.70650674e-01
  -3.51416314e-01  -3.56295760e-01  -3.77371952e-01  -3.40005370e-01
  -1.82545214e-01  -1.32865916e-01  -3.32454369e-01  -3.47588957e-01
  -3.58761912e-01  -2.29832732e-01  -3.88510383e-01  -2.89410558e-01
  -3.40268306e-01   2.46418510e-02  -2.31072624e-01   5.82140147e-02
  -1.73370551e-01  -3.88575322e-02   2.79276354e-02   5.08418461e-02
   5.13458916e-02   5.76481312e-02  -2.55250088e-02   4.41853917e-02
   5.61608022e-02   4.18373413e-02  -1.31390166e-01  -1.61318349e-01
  -1.35021500e-01  -1.34935218e-01  -1.19637685e-01  -1.48583836e-01
  -1.26971595e-01  -1.31785723e-01  -1.24344162e-01   3.67554651e-02
  -8.48517704e-02  -1.40725683e-01   5.31690524e-02  -1.46699736e-01
  -1.14350929e-01  -1.08668563e-01  -9.00828369e-02   2.52408414e-02
  -1.47322268e-01  -2.29235054e-01  -2.69719537e-01  -3.16999198e-01
  -1.42901725e-01  -2.09961591e-01  -9.30134355e-02  -2.84141301e-01
  -9.32115159e-02  -1.27659562e-01  -2.95189315e-01  -6.15764718e-03
  -2.61316420e-01  -3.80080662e-01  -3.52165253e-01  -9.08631754e-02
  -2.21943317e-01  -1.18426001e-01  -1.39127284e-01  -9.36065212e-02
  -6.47246724e-04  -9.56030964e-02  -3.11256063e-02  -1.56323936e-02
  -5.74653029e-02  -1.30919710e-01  -1.18423679e-01  -1.78270534e-01
  -1.13943823e-01  -9.78975883e-02  -1.23239424e-01  -2.05932121e-01
  -1.45317925e-01  -2.03318022e-01  -1.20878760e-01  -1.11466524e-01
  -3.02389485e-01  -3.48511850e-01  -2.24760525e-01  -2.54281200e-01
  -3.71737685e-01  -2.97186404e-01  -1.14715471e-01  -1.35385104e-01
  -1.46531333e-01  -1.11887863e-01  -1.47808217e-01  -1.05258839e-01
  -3.06053539e-01  -1.99633869e-01  -3.31131669e-01  -1.77130236e-01
  -2.32158440e-01  -2.91659918e-01  -2.07133901e-01  -2.47791148e-01
  -2.55819658e-01  -1.70639533e-01  -1.85683690e-01  -1.87594359e-01];
Z = [  1.97932186e-02  -1.57827243e-01  -3.03251323e-02  -8.16566784e-03
  -8.11383456e-02   4.33295175e-02   1.00253728e-01  -5.13386952e-02
  -2.77968445e-02   2.04055275e-02  -1.87426773e-01  -1.30946282e-01
   4.35158871e-03  -1.85062044e-01  -1.78145083e-01  -1.64211203e-01
  -1.63232992e-01  -1.78400062e-01  -1.89840128e-01  -1.65962366e-01
  -1.89840128e-01  -1.16092060e-01  -1.57884460e-01  -4.19506800e-02
  -1.65154136e-01  -1.76000990e-01  -1.78180371e-01   1.84168184e-02
   6.93051705e-02   1.12864252e-02   4.37127931e-01   1.97932186e-02
  -1.05638144e-02   3.35930297e-03   1.24841886e-02  -7.68729610e-02
   9.54170506e-03   5.59219853e-03   6.85682723e-02   1.22419588e-02
  -3.64839590e-03   7.60347321e-03  -7.59000219e-03  -6.55086351e-02
  -1.98027602e-02  -4.14080786e-02  -9.60793503e-03   4.26486428e-02
   3.55114615e-03  -1.02246457e-02   1.69201802e-02   5.89957764e-02
   5.14139089e-02   5.49232925e-02  -3.29440460e-02  -7.21420349e-02
  -8.66895079e-02  -7.09731843e-02  -1.38497259e-01  -9.53996116e-02
  -7.32247151e-02  -8.67985927e-02   6.56517912e-02  -3.02576625e-02
  -1.09872706e-01  -1.49921537e-03  -8.29660186e-02  -1.56891371e-01
   2.83640027e-02  -2.46240471e-02  -5.24983755e-02  -6.27520652e-02
  -1.00072415e-01  -9.72058083e-02  -1.46376047e-01  -8.94570802e-02
  -1.33688434e-01  -6.47448803e-02  -1.14789648e-01   3.97691399e-02
  -6.99623850e-02  -3.68901948e-03  -9.78142744e-02  -6.41303096e-02
  -1.02645622e-01  -1.02761270e-01  -9.51562969e-02  -6.34721386e-02
  -1.22749943e-01  -1.52155155e-01  -2.33518977e-02  -1.24781659e-01
  -1.09299130e-01  -1.38991104e-01  -1.60639064e-01  -1.72160300e-01
  -1.31752725e-01  -7.52363913e-02  -1.85828894e-02  -1.67439430e-01
  -1.74537878e-01  -3.56898262e-03  -6.90935098e-03  -2.53106784e-02
  -2.81947809e-02  -3.15169642e-02   1.38268933e-02  -2.88210673e-02
  -3.37598542e-02   2.13751392e-02  -3.35083213e-02  -6.52804424e-03
  -3.61815263e-02  -6.02301297e-03  -3.98909112e-02  -2.27814615e-02
  -6.73272961e-02  -2.43316269e-02  -3.99107311e-03  -3.32141361e-02
   5.57439236e-03  -3.78077116e-02  -1.65770421e-02  -3.11806513e-02
  -5.21005153e-02   4.12695860e-02  -2.04576213e-02   1.81419955e-02
  -2.87649517e-02  -3.61815263e-02  -2.38293384e-03  -6.92284239e-02
   6.44542843e-02  -4.13279341e-02  -5.19757278e-02  -1.40515860e-02
   1.15457556e-02  -3.09876776e-02  -3.61815263e-02  -6.13935989e-04
  -2.31365088e-02  -3.13280290e-02   1.89635456e-02  -3.61815263e-02
  -6.81227459e-02  -1.04728605e-01  -8.37585550e-03   1.70294021e-01
  -2.54868677e-02  -1.86663028e-03  -2.30781667e-02   1.81454486e-02
   3.00884892e-03  -1.86099940e-03  -3.78921009e-04  -2.50090776e-02
  -2.06921400e-02  -3.18135784e-02  -7.90792217e-03   9.42855867e-03
   7.62904106e-03  -1.62336558e-02   6.30237754e-03  -1.39028597e-02
  -8.22791744e-03  -2.51285292e-02   1.57337402e-02  -1.00716132e-02
   9.19859661e-03  -3.28270933e-02  -3.61815263e-02  -3.82254139e-02
  -3.90140774e-02   2.90530084e-02  -3.01914673e-02  -1.65672747e-02
  -5.98389352e-02  -2.17227631e-02  -2.32798607e-02  -9.70405848e-03
  -1.04953151e-02   4.53020017e-02   5.79068329e-02  -3.37464754e-02
  -4.51467311e-02  -2.63155467e-02  -2.45656906e-02  -3.19331372e-02
  -2.72871962e-02  -3.28050224e-02   2.59148652e-02  -3.33617238e-02
   4.06550758e-02   7.72187978e-03   2.31957315e-01  -2.86959680e-03
  -1.44779093e-02   4.12788648e-02  -1.29541262e-02  -8.17049284e-03
  -3.40831279e-02   2.61327919e-01   2.32962729e-01  -2.83299049e-02
  -4.21747310e-01  -4.56841485e-01  -4.26012774e-01  -2.89983347e-01
   1.13052726e-01   4.98915654e-01   1.40951699e-01  -3.38074601e-01
   4.44855559e-01  -3.33257025e-02  -4.75835017e-02  -2.74028557e-02
  -6.28240671e-02  -1.06098471e-01  -1.32344808e-01   2.22865389e-01
   1.03863913e-01   2.81840968e-01   6.30848493e-02   4.97247619e-01
   3.86210237e-01  -3.47961956e-01  -2.00622823e-03   2.26926231e-01
  -4.62432810e-01  -3.03764117e-01  -3.73714876e-01   4.22602801e-01
  -4.48911692e-01  -4.62061303e-01   3.54798282e-01  -1.78403064e-01
  -4.85782698e-01  -3.32999311e-02  -4.48543895e-01  -2.40190875e-01
   5.18838304e-01  -2.31731292e-02  -1.64603449e-01  -1.61910793e-01
   4.22468470e-01  -1.56906490e-01   3.84853029e-01  -2.07462802e-01
   1.67737850e-01  -1.07040924e-01  -1.78277316e-01  -2.61029834e-02
  -3.29188186e-01  -1.22428727e-01   3.78461344e-01  -4.91399363e-01
  -9.96146307e-02  -2.91353273e-01  -2.01749072e-01  -6.04641373e-02
   3.08939724e-01   3.60545500e-01  -9.29419527e-02   4.35763383e-01
   4.71626367e-01   7.52098814e-02   3.58018912e-01  -1.41287875e-01
   2.14654882e-01   3.37552137e-01   1.92824344e-01   2.67058121e-01
  -1.72364364e-01   2.58156610e-01   4.69828285e-01   3.33854220e-01
   4.69214861e-01   3.76158239e-01   4.68653428e-01  -1.52587770e-01
  -1.57191924e-01  -9.95763069e-02   3.07187001e-01  -1.93951695e-01
   1.18063943e-01  -7.35275553e-02   8.38842916e-02  -2.58490887e-01
  -1.60147881e-01   2.29360869e-01   5.90070007e-01  -2.24553623e-01
   8.97459697e-02  -1.26091159e-01   1.13845591e-01  -4.04278453e-01
  -5.19835490e-01  -3.93944856e-01  -4.35429213e-01  -3.53449772e-01
  -1.06393579e-01   3.93472355e-01  -4.70476299e-01  -4.46833551e-01
  -4.80050740e-01  -1.27452645e-01  -4.77156167e-01  -3.92082255e-01
  -3.40598772e-01  -4.82986266e-02  -2.20507654e-01   1.53945898e-01
   2.02811821e-01   2.16425247e-01   6.13397651e-02   1.31583976e-01
   9.14562866e-02   2.65995429e-02   1.38782285e-02   2.74096117e-02
   1.59532102e-01   1.93693424e-02   5.37074459e-01   1.48341869e-01
   5.52197645e-01   4.61403348e-01   5.19205448e-01   4.68351031e-01
   5.90070007e-01   5.63167549e-01   5.76799387e-01   1.79431623e-01
   4.01477292e-01   4.39708014e-01   3.18514737e-02   5.09568032e-01
   5.31072762e-01   4.93378620e-01   5.37243044e-01   6.90946451e-02
  -1.60294409e-01  -3.08730970e-01  -3.52562464e-01  -4.18093965e-01
   3.27742993e-01  -1.11906012e-01   1.66917224e-01  -2.12454855e-01
   1.71426005e-01   4.13575500e-01  -3.51708870e-01   1.36058565e-01
  -3.08922422e-01  -5.07940205e-01  -4.16277945e-01   4.72959239e-01
  -2.32859325e-01   2.26357300e-01   3.58000062e-01   4.86140748e-01
   2.30224397e-01   5.35185113e-01   1.75639279e-01   3.31364987e-01
  -1.79653463e-02   4.55725942e-01   4.43469193e-01  -2.76519685e-01
   4.16662796e-01  -1.84186625e-01   1.76870340e-01   7.34124761e-02
   2.74797170e-01  -2.11278701e-02   4.82413127e-01   3.43830308e-01
  -1.66621465e-01  -4.53291995e-01  -2.06757554e-01  -2.48822495e-01
  -4.79185816e-01  -2.02117496e-01   5.03050521e-01   4.28494686e-01
   3.66635082e-01   5.13885188e-01   2.86485664e-01   5.02779836e-01
  -4.02005314e-01  -1.23658860e-01  -4.20488311e-01  -1.89763459e-01
  -2.31092724e-01  -3.44955001e-01  -1.93219565e-01  -2.66554376e-01
  -3.04858986e-01  -5.41847890e-02  -2.25681366e-01  -6.13932665e-02];
C = [[1, 0, 0];[1, 0, 0];[1, 0, 0];[1, 0, 0];[1, 0, 0];[1, 0, 0];[1, 0, 0];[1, 0, 0];[1, 0, 0];[1, 0, 0];[1, 0, 0];[1, 0, 0];[1, 0, 0];[1, 0, 0];[1, 0, 0];[1, 0, 0];[1, 0, 0];[1, 0, 0];[1, 0, 0];[1, 0, 0];[1, 0, 0];[1, 0, 0];[1, 0, 0];[1, 0, 0];[1, 0, 0];[1, 0, 0];[1, 0, 0];[1, 0, 0];[1, 0, 0];[1, 0, 0];[1, 0, 0];[1, 0, 0];[1, 0, 0];[1, 0, 0];[1, 0, 0];[1, 0, 0];[1, 0, 0];[1, 0, 0];[1, 0, 0];[1, 0, 0];[1, 0, 0];[1, 0, 0];[1, 0, 0];[1, 0, 0];[1, 0, 0];[1, 0, 0];[1, 0, 0];[1, 0, 0];[1, 0, 0];[1, 0, 0];[1, 0, 0];[1, 0, 0];[1, 0, 0];[1, 0, 0];[1, 0, 0];[1, 0, 0];[1, 0, 0];[1, 0, 0];[1, 0, 0];[1, 0, 0];[1, 0, 0];[1, 0, 0];[1, 0, 0];[1, 0, 0];[1, 0, 0];[1, 0, 0];[1, 0, 0];[1, 0, 0];[1, 0, 0];[1, 0, 0];[1, 0, 0];[1, 0, 0];[1, 0, 0];[1, 0, 0];[1, 0, 0];[1, 0, 0];[1, 0, 0];[1, 0, 0];[1, 0, 0];[1, 0, 0];[1, 0, 0];[1, 0, 0];[1, 0, 0];[1, 0, 0];[1, 0, 0];[1, 0, 0];[1, 0, 0];[1, 0, 0];[1, 0, 0];[1, 0, 0];[1, 0, 0];[1, 0, 0];[1, 0, 0];[1, 0, 0];[1, 0, 0];[1, 0, 0];[1, 0, 0];[1, 0, 0];[1, 0, 0];[1, 0, 0];[0, 1, 0];[0, 1, 0];[0, 1, 0];[0, 1, 0];[0, 1, 0];[0, 1, 0];[0, 1, 0];[0, 1, 0];[0, 1, 0];[0, 1, 0];[0, 1, 0];[0, 1, 0];[0, 1, 0];[0, 1, 0];[0, 1, 0];[0, 1, 0];[0, 1, 0];[0, 1, 0];[0, 1, 0];[0, 1, 0];[0, 1, 0];[0, 1, 0];[0, 1, 0];[0, 1, 0];[0, 1, 0];[0, 1, 0];[0, 1, 0];[0, 1, 0];[0, 1, 0];[0, 1, 0];[0, 1, 0];[0, 1, 0];[0, 1, 0];[0, 1, 0];[0, 1, 0];[0, 1, 0];[0, 1, 0];[0, 1, 0];[0, 1, 0];[0, 1, 0];[0, 1, 0];[0, 1, 0];[0, 1, 0];[0, 1, 0];[0, 1, 0];[0, 1, 0];[0, 1, 0];[0, 1, 0];[0, 1, 0];[0, 1, 0];[0, 1, 0];[0, 1, 0];[0, 1, 0];[0, 1, 0];[0, 1, 0];[0, 1, 0];[0, 1, 0];[0, 1, 0];[0, 1, 0];[0, 1, 0];[0, 1, 0];[0, 1, 0];[0, 1, 0];[0, 1, 0];[0, 1, 0];[0, 1, 0];[0, 1, 0];[0, 1, 0];[0, 1, 0];[0, 1, 0];[0, 1, 0];[0, 1, 0];[0, 1, 0];[0, 1, 0];[0, 1, 0];[0, 1, 0];[0, 1, 0];[0, 1, 0];[0, 1, 0];[0, 1, 0];[0, 1, 0];[0, 1, 0];[0, 1, 0];[0, 1, 0];[0, 1, 0];[0, 1, 0];[0, 1, 0];[0, 1, 0];[0, 1, 0];[0, 1, 0];[0, 1, 0];[0, 1, 0];[0, 1, 0];[0, 1, 0];[0, 1, 0];[0, 1, 0];[0, 1, 0];[0, 1, 0];[0, 1, 0];[0, 1, 0];[0, 0, 1];[0, 0, 1];[0, 0, 1];[0, 0, 1];[0, 0, 1];[0, 0, 1];[0, 0, 1];[0, 0, 1];[0, 0, 1];[0, 0, 1];[0, 0, 1];[0, 0, 1];[0, 0, 1];[0, 0, 1];[0, 0, 1];[0, 0, 1];[0, 0, 1];[0, 0, 1];[0, 0, 1];[0, 0, 1];[0, 0, 1];[0, 0, 1];[0, 0, 1];[0, 0, 1];[0, 0, 1];[0, 0, 1];[0, 0, 1];[0, 0, 1];[0, 0, 1];[0, 0, 1];[0, 0, 1];[0, 0, 1];[0, 0, 1];[0, 0, 1];[0, 0, 1];[0, 0, 1];[0, 0, 1];[0, 0, 1];[0, 0, 1];[0, 0, 1];[0, 0, 1];[0, 0, 1];[0, 0, 1];[0, 0, 1];[0, 0, 1];[0, 0, 1];[0, 0, 1];[0, 0, 1];[0, 0, 1];[0, 0, 1];[0, 0, 1];[0, 0, 1];[0, 0, 1];[0, 0, 1];[0, 0, 1];[0, 0, 1];[0, 0, 1];[0, 0, 1];[0, 0, 1];[0, 0, 1];[0, 0, 1];[0, 0, 1];[0, 0, 1];[0, 0, 1];[0, 0, 1];[0, 0, 1];[0, 0, 1];[0, 0, 1];[0, 0, 1];[0, 0, 1];[0, 0, 1];[0, 0, 1];[0, 0, 1];[0, 0, 1];[0, 0, 1];[0, 0, 1];[0, 0, 1];[0, 0, 1];[0, 0, 1];[0, 0, 1];[0, 0, 1];[0, 0, 1];[0, 0, 1];[0, 0, 1];[0, 0, 1];[0, 0, 1];[0, 0, 1];[0, 0, 1];[0, 0, 1];[0, 0, 1];[0, 0, 1];[0, 0, 1];[0, 0, 1];[0, 0, 1];[0, 0, 1];[0, 0, 1];[0, 0, 1];[0, 0, 1];[0, 0, 1];[0, 0, 1];[0, 0, 1];[0, 0, 1];[0, 0, 1];[0, 0, 1];[0, 0, 1];[0, 0, 1];[0, 0, 1];[0, 0, 1];[0, 0, 1];[0, 0, 1];[0, 0, 1];[0, 0, 1];[0, 0, 1];[0, 0, 1];[0, 0, 1];[0, 0, 1];[0, 0, 1];[0, 0, 1];[0, 0, 1];[0, 0, 1];[0, 0, 1];[0, 0, 1];[0, 0, 1];[0, 0, 1];[0, 0, 1];[0, 0, 1];[0, 0, 1];[0, 0, 1];[0, 0, 1];[0, 0, 1];[0, 0, 1];[0, 0, 1];[0, 0, 1];[0, 0, 1];[0, 0, 1];[0, 0, 1];[0, 0, 1];[0, 0, 1];[0, 0, 1];[0, 0, 1];[0, 0, 1];[0, 0, 1];[0, 0, 1];[0, 0, 1];[0, 0, 1];[0, 0, 1];[0, 0, 1];[0, 0, 1];[0, 0, 1];[0, 0, 1];[0, 0, 1];[0, 0, 1];[0, 0, 1];[0, 0, 1];[0, 0, 1];[0, 0, 1];[0, 0, 1];[0, 0, 1];[0, 0, 1];[0, 0, 1];[0, 0, 1];[0, 0, 1];[0, 0, 1];[0, 0, 1];[0, 0, 1];[0, 0, 1];[0, 0, 1];[0, 0, 1];[0, 0, 1];[0, 0, 1];[0, 0, 1];[0, 0, 1];[0, 0, 1];[0, 0, 1];[0, 0, 1];[0, 0, 1];[0, 0, 1];[0, 0, 1];[0, 0, 1];[0, 0, 1];[0, 0, 1];[0, 0, 1];[0, 0, 1];[0, 0, 1];[0, 0, 1];[0, 0, 1];[0, 0, 1];[0, 0, 1];[0, 0, 1];[0, 0, 1];[0, 0, 1];[0, 0, 1];[0, 0, 1];[0, 0, 1];[0, 0, 1];[0, 0, 1];[0, 0, 1];[0, 0, 1];[0, 0, 1];[0, 0, 1]];


-- topic: 0 words: 3230
system: 0.015461292149 (53)
scientific: 0.0145866565804 (50)
retrieval: 0.0134204758224 (46)
language: 0.0110881143064 (38)
methods: 0.00992193354837 (34)
science: 0.00933884316936 (32)
systems: 0.00904729797986 (31)
based: 0.00700648165333 (24)
requests: 0.00700648165333 (24)
classification: 0.00671493646382 (23)
considered: 0.00642339127432 (22)
structure: 0.00642339127432 (22)
author: 0.00584030089531 (20)
technical: 0.00584030089531 (20)
publications: 0.0055487557058 (19)
documents: 0.0052572105163 (18)
journals: 0.0052572105163 (18)
document: 0.0052572105163 (18)
descriptor: 0.0049656653268 (17)
search: 0.0049656653268 (17)
-- topic: 1 words: 2264
visual: 0.0117825617171 (29)
turbine: 0.00934749678203 (23)
lesions: 0.00812996431449 (20)
test: 0.00772412015865 (19)
cases: 0.0073182760028 (18)
blade: 0.00691243184696 (17)
compressor: 0.00650658769112 (16)
stage: 0.00610074353527 (15)
cerebral: 0.00569489937943 (14)
present: 0.00569489937943 (14)
cascade: 0.00569489937943 (14)
nicl: 0.00528905522358 (13)
agnosia: 0.00528905522358 (13)
tests: 0.00528905522358 (13)
perception: 0.00528905522358 (13)
drug: 0.00528905522358 (13)
action: 0.00528905522358 (13)
animals: 0.00488321106774 (12)
eczema: 0.00488321106774 (12)
prolonged: 0.00488321106774 (12)
-- topic: 2 words: 2281
flutter: 0.0258090415441 (64)
nickel: 0.0165385860826 (41)
noise: 0.0149263329589 (37)
jet: 0.0145232696779 (36)
aircraft: 0.014120206397 (35)
fatigue: 0.013717143116 (34)
panels: 0.0112987634304 (28)
testing: 0.0104926368686 (26)
random: 0.00928344702576 (23)
frequency: 0.00888038374482 (22)
structural: 0.00888038374482 (22)
stress: 0.00807425718295 (20)
panel: 0.00767119390202 (19)
correlation: 0.00686506734015 (17)
due: 0.00686506734015 (17)
skin: 0.00686506734015 (17)
high: 0.00686506734015 (17)
structures: 0.00646200405921 (16)
acoustic: 0.00646200405921 (16)
structure: 0.00565587749734 (14)
-- topic: 3 words: 4595
wing: 0.0256584425591 (123)
wings: 0.0191933747802 (92)
lift: 0.016273666751 (78)
ratio: 0.0133539587218 (64)
drag: 0.0131454081483 (63)
aerodynamic: 0.0131454081483 (63)
body: 0.0118941047072 (57)
bodies: 0.0106428012661 (51)
aspect: 0.0102257001191 (49)
slender: 0.0100171495455 (48)
mach: 0.00980859897204 (47)
stability: 0.00918294725149 (44)
supersonic: 0.00897439667798 (43)
characteristics: 0.00855729553095 (41)
angle: 0.00814019438392 (39)
range: 0.00814019438392 (39)
force: 0.00814019438392 (39)
tail: 0.00793164381041 (38)
derivatives: 0.00772309323689 (37)
subsonic: 0.00772309323689 (37)
-- topic: 4 words: 2202
fatty: 0.0208294055249 (50)
acids: 0.0191641265907 (46)
glucose: 0.0137519700545 (33)
acid: 0.0112540516532 (27)
increased: 0.0100050924525 (24)
free: 0.0100050924525 (24)
ffa: 0.00958877271895 (23)
levels: 0.00917245298539 (22)
rats: 0.00833981351828 (20)
blood: 0.00833981351828 (20)
infants: 0.00792349378473 (19)
increase: 0.00750717405117 (18)
normal: 0.00709085431761 (17)
women: 0.00667453458406 (16)
insulin: 0.00667453458406 (16)
infusion: 0.00667453458406 (16)
liver: 0.00667453458406 (16)
plasma: 0.0062582148505 (15)
level: 0.0062582148505 (15)
tissue: 0.00584189511695 (14)
-- topic: 5 words: 4588
shock: 0.0188037243256 (90)
boundary: 0.0175505914935 (84)
numbers: 0.0165063141334 (79)
layer: 0.0162974586614 (78)
supersonic: 0.0150443258293 (72)
mach: 0.0146266148853 (70)
dimensional: 0.0144177594133 (69)
surface: 0.0135823375253 (65)
edge: 0.0135823375253 (65)
leading: 0.0123292046932 (59)
transition: 0.0121203492212 (58)
speeds: 0.0112849273331 (54)
tunnel: 0.0110760718611 (53)
reynolds: 0.010240649973 (49)
effects: 0.00919637261297 (44)
high: 0.00919637261297 (44)
speed: 0.00877866166895 (42)
jet: 0.00877866166895 (42)
separation: 0.00877866166895 (42)
conditions: 0.00794323978089 (38)
-- topic: 6 words: 3504
velocity: 0.0221469309047 (82)
boundary: 0.0191771684857 (71)
heat: 0.0191771684857 (71)
transfer: 0.0186372116822 (69)
layer: 0.0175572980753 (65)
cylinder: 0.0162074060667 (60)
laminar: 0.0151274924597 (56)
fluid: 0.0143175572546 (53)
field: 0.0129676652459 (48)
plate: 0.0108078380321 (40)
flat: 0.0105378596304 (39)
nozzle: 0.00945794602346 (35)
temperature: 0.00918796762174 (34)
wall: 0.00918796762174 (34)
distribution: 0.00918796762174 (34)
free: 0.00891798922001 (33)
magnetic: 0.00810805401482 (30)
nozzles: 0.00756809721137 (28)
downstream: 0.00702814040791 (26)
air: 0.00702814040791 (26)
-- topic: 7 words: 3460
solution: 0.0215935060303 (79)
problem: 0.0153093530248 (56)
buckling: 0.0133967847188 (49)
thin: 0.0131235606751 (48)
cylindrical: 0.0114842164128 (42)
plate: 0.0106645442817 (39)
numerical: 0.010391320238 (38)
form: 0.0101180961942 (37)
equations: 0.00984487215052 (36)
circular: 0.00957164810681 (35)
bending: 0.00902520001937 (33)
case: 0.00875197597566 (32)
shells: 0.00847875193194 (31)
paper: 0.0076590798008 (28)
equation: 0.00738585575708 (27)
load: 0.00738585575708 (27)
shown: 0.00738585575708 (27)
shell: 0.00711263171336 (26)
axial: 0.00711263171336 (26)
wave: 0.00711263171336 (26)
-- topic: 8 words: 2858
patients: 0.0248633852423 (76)
ventricular: 0.0183231628747 (56)
left: 0.0157070739277 (48)
aortic: 0.0121099516255 (37)
septal: 0.0101478849153 (31)
cases: 0.0098208737969 (30)
defect: 0.00851282932338 (26)
pulmonary: 0.00851282932338 (26)
clinical: 0.00785880708663 (24)
regurgitation: 0.00753179596825 (23)
ventricle: 0.00720478484987 (22)
defects: 0.00687777373149 (21)
volume: 0.00687777373149 (21)
heart: 0.00687777373149 (21)
cardiac: 0.00655076261312 (20)
patient: 0.00589674037636 (18)
technique: 0.00589674037636 (18)
artery: 0.00556972925798 (17)
diagnosis: 0.00556972925798 (17)
treatment: 0.00556972925798 (17)
-- topic: 9 words: 2534
research: 0.0142766028057 (39)
large: 0.0113504872242 (31)
problems: 0.00915590053801 (25)
library: 0.00879013609031 (24)
subject: 0.00769284274722 (21)
organization: 0.00732707829953 (20)
general: 0.00732707829953 (20)
work: 0.00732707829953 (20)
organizations: 0.00622978495644 (17)
book: 0.00622978495644 (17)
state: 0.00586402050875 (16)
libraries: 0.00586402050875 (16)
examples: 0.00549825606105 (15)
required: 0.00549825606105 (15)
material: 0.00513249161335 (14)
current: 0.00513249161335 (14)
requirements: 0.00513249161335 (14)
development: 0.00513249161335 (14)
experience: 0.00476672716566 (13)
field: 0.00476672716566 (13)


Difference: 0.0070450693572
Difference: 0.00551675440391
Difference: 0.00465745163133
Difference: 0.00383248898664
Difference: 0.00329430194368
Difference: 0.00329713652202
Difference: 0.00285571716672
Difference: 0.0027799027472
Difference: 0.00247056652743
Difference: 0.0024898417318
Difference: 0.00224289215478
Difference: 0.00227305611229
Difference: 0.00216611299037
Difference: 0.00212588609668
Difference: 0.00219112794739
Difference: 0.00206243661276
Difference: 0.00206780835157
Difference: 0.00209391938085
Difference: 0.00205681903982
Difference: 0.00190578658257
Difference: 0.00201181686103
Difference: 0.00195842990802
Difference: 0.00179966917632
Difference: 0.00187413444409
Difference: 0.00174716286308
Difference: 0.00176538331143
Difference: 0.00184875074609
Difference: 0.00169671381967
Difference: 0.00172884906404
Difference: 0.00161284774803
Difference: 0.00172803762304
Difference: 0.00165156209915
Difference: 0.00153886195253
Difference: 0.00162341947106
Difference: 0.00159120767914
Difference: 0.00158322285429
Difference: 0.001634304053
Difference: 0.00160063773171
Difference: 0.00151846310944
Difference: 0.00164699078919
Difference: 0.00158528276677
Difference: 0.00148899508525
Difference: 0.00147941484718
Difference: 0.00140375478611
Difference: 0.00143319108633
Difference: 0.00140762654689
Difference: 0.00142598066489
Difference: 0.00157973639196
Difference: 0.00144972866223
Difference: 0.00142783860829
Difference: 0.00143967730945
Difference: 0.00145839026998
Difference: 0.00141201836028
Difference: 0.00137880266174
Difference: 0.00154655170127
Difference: 0.00157597582374
Difference: 0.001380337967
Difference: 0.00145291326812
Difference: 0.00140900168163
Difference: 0.00141538190823
Difference: 0.00135970044992
Difference: 0.00135498284242
Difference: 0.00136608395669
Difference: 0.00135961706379
Difference: 0.00137239907213
Difference: 0.00141595860283
Difference: 0.001402355958
Difference: 0.00137971845221
Difference: 0.0015295981133
Difference: 0.0015216462926
Difference: 0.00139769252799
Difference: 0.00133836553469
Difference: 0.00135797887903
Difference: 0.00134552429149
Difference: 0.00132320214419
Difference: 0.00132679654295
Difference: 0.00133321366326
Difference: 0.00132936374981
Difference: 0.0013000803853
Difference: 0.00131982169235
Difference: 0.0012798871651
Difference: 0.00129544063683
Difference: 0.00128223407363
Difference: 0.00128641160588
Difference: 0.00132238445343
Difference: 0.00126520288232
Difference: 0.00125240985305
Difference: 0.0013118151629
Difference: 0.00128263302193
Difference: 0.00125326801178
Difference: 0.00124721242535
Difference: 0.00132360719808
Difference: 0.00131398284147
Difference: 0.0013587910383
Difference: 0.00132824783942
Difference: 0.00128061357752
Difference: 0.00126413751046
Difference: 0.00124560048322
Difference: 0.00133067043311
Difference: 0.00126899960112
Difference: 0.00125248522104
Difference: 0.00131560168784
Difference: 0.00126546719019
Difference: 0.00127353965125
Difference: 0.0012411566247
Difference: 0.00133405023886
Difference: 0.00125651832363
Difference: 0.00126763422931
Difference: 0.00114021732921
Difference: 0.00126521416832
Difference: 0.00125777337707
Difference: 0.00138602175648
Difference: 0.00124934758965
Difference: 0.00132387535181
Difference: 0.00126339735901
Difference: 0.00123724768523
Difference: 0.00123396421135
Difference: 0.00118950925399
Difference: 0.00119292309692
Difference: 0.00126173170918
Difference: 0.00120519580005
Difference: 0.00132479884549
Difference: 0.00126533556712
Difference: 0.00127801097073
Difference: 0.00129072197136
Difference: 0.00122679875382
Difference: 0.00122219659998
Difference: 0.00126108731242
Difference: 0.00129842295656
Difference: 0.0012272070455
Difference: 0.00124214512684
Difference: 0.00128967698881
Difference: 0.00129398681771
Difference: 0.00125824273961
Difference: 0.00127454054265
Difference: 0.00130364028835
Difference: 0.00119960556343
Difference: 0.00128759196931
Difference: 0.00128028002819
Difference: 0.0012852851909
Difference: 0.00126210125685
Difference: 0.00125401581458
Difference: 0.00124666604753
Difference: 0.00120935207936
Difference: 0.0012600829681
Difference: 0.00122755518556
Difference: 0.00122245384417
Difference: 0.00122679829311
Difference: 0.00119669163081
Difference: 0.00121379328927
Difference: 0.00116274817378
Difference: 0.0011832785357
Difference: 0.00118213823139
Difference: 0.00114926935616
Difference: 0.00125874900304
Difference: 0.00118344683667
Difference: 0.00123070586456
Difference: 0.00124641147926
Difference: 0.00123529829602
Difference: 0.00124665362018
Difference: 0.00125022354081
Difference: 0.00119601923472
Difference: 0.00116281994818
Difference: 0.00121490320044
Difference: 0.00115990795288
Difference: 0.00120527772056
Difference: 0.00121116872464
Difference: 0.00121365360298
Difference: 0.00117007583063
Difference: 0.00117792920755
Difference: 0.00114492532817
Difference: 0.00118868465968
Difference: 0.00116575757954
Difference: 0.00116920832144
Difference: 0.00113335676656
Difference: 0.00119666079364
Difference: 0.00117049055127
Difference: 0.00121364238433
Difference: 0.00115495082372
Difference: 0.00119466921218
Difference: 0.00117093436586
Difference: 0.00118724714486
Difference: 0.00121590455061
Difference: 0.00124386513568
Difference: 0.00125471453374
Difference: 0.00114056460062
Difference: 0.00121672386053
Difference: 0.00119753169112
Difference: 0.00118146926015
Difference: 0.00115675634804
Difference: 0.0012177330868
Difference: 0.00122515317373
Difference: 0.00122073850135
Difference: 0.00115629759449
Difference: 0.00116396550608
Difference: 0.00116710156468
Difference: 0.00124798373392
Difference: 0.00117157157712
Difference: 0.00126231647945
Difference: 0.00117544559538