


X = [ 0.17710455  0.20286917  0.09796835  0.22757561  0.22532616  0.15301363
  0.09760103  0.26811421  0.22564261  0.22017497  0.26495856  0.08923299
  0.20466108  0.14957417  0.0064622   0.17998256  0.26456096  0.18218801
  0.24800186  0.2101659   0.21356839  0.24723412  0.12987385  0.22092615
  0.30249367  0.21477581  0.19403727  0.21372301  0.1767038   0.15885508
 -0.36418977  0.21356839  0.1908513   0.22840127  0.26665824  0.21356839
  0.26029096  0.20039741  0.11792207  0.05641095  0.1908513   0.22723739
  0.15414653  0.27492258  0.15773127  0.11446032  0.44252321  0.13811241
  0.19117126  0.27211822  0.06575331  0.21593292  0.13706646  0.19563385
  0.2017763   0.3222711   0.37698147  0.28551108  0.22988142  0.04601012
  0.19463748  0.31458479  0.23345534  0.17319361  0.24757527  0.43376362
  0.20190872  0.19216994  0.21356839  0.27849705  0.11018934  0.4244734
  0.31429914  0.30941572  0.22295945  0.18706512  0.24613518  0.18730666
  0.34299433  0.22642355  0.27382697  0.20958133  0.21134305  0.3168688
  0.13478319  0.24927718  0.256525    0.23511433  0.23088226  0.15150945
  0.25374077  0.13477531  0.35253887  0.10189414  0.13966493  0.11200433
  0.29813669  0.18370516  0.16315368  0.20186286  0.19212664  0.68386113
  0.58245694  0.56982882  0.63481952  0.6554646   0.66619735  0.67435087
  0.62498186  0.58357178  0.6333515   0.59926425  0.69563698  0.51040285
  0.59632073  0.59121896  0.54827159  0.57098886  0.58315431  0.61823294
  0.49050922  0.65555535  0.52469718  0.60812835  0.51565807  0.61433317
  0.37634529  0.41579441  0.62381996  0.58407627  0.69563698  0.63481952
  0.39820093  0.6591465   0.61363721  0.68224619  0.66522825  0.60479469
  0.55432675  0.39630853  0.69563698  0.69563698  0.69563698  0.69563698
  0.64651518  0.54035209  0.66064611  0.2545136   0.67259727  0.5086775
  0.66367485  0.61901929  0.68599561  0.58307656  0.60770601  0.61161285
  0.69563698  0.69563698  0.38313284  0.64615659  0.6605939   0.21193778
  0.69563698  0.417909    0.59603361  0.65079339  0.30310855  0.65002388
  0.58906726  0.69563698  0.69563698  0.65487441  0.69563698  0.61581406
  0.69563698  0.63834905  0.60190142  0.51034748  0.6506948   0.43721215
  0.69563698  0.57787845  0.47934581  0.59138582  0.64039995  0.6705945
  0.69563698  0.66030942  0.69563698  0.45287162  0.65693496  0.68654135
  0.62384191  0.54440556  0.08809977  0.55296799  0.52923288  0.58315645
  0.56899422  0.64654788  0.69563698 -0.41189855 -0.43527379 -0.10676964
 -0.54695295 -0.56888455 -0.57870717 -0.49373032 -0.46430816 -0.31207159
 -0.41735207 -0.4598285  -0.34627041 -0.45139302 -0.53218745 -0.45078898
 -0.45225158 -0.58152976 -0.26955556 -0.496804   -0.5137043  -0.34329598
  0.18031564 -0.35280481 -0.47408078 -0.43360677 -0.4782815  -0.41419598
 -0.55142631 -0.54252002 -0.55824334 -0.40180631 -0.56945532 -0.52954692
 -0.38465484 -0.35355416 -0.54986447 -0.52261755 -0.57592099 -0.39653926
 -0.29571885  0.02414561 -0.42188392 -0.57680498 -0.36969834 -0.52341747
 -0.37562872 -0.49414526 -0.4985454  -0.31848042 -0.43962235 -0.47787989
 -0.46710806 -0.4807344  -0.33401333 -0.48222668 -0.29878525 -0.30314145
 -0.55062321 -0.49939934 -0.39006358 -0.3824707  -0.52225522 -0.33644695
 -0.31604767 -0.30967729 -0.36209242 -0.45081947 -0.37845033 -0.2772867
 -0.44755306 -0.42431176 -0.55378423 -0.33459089 -0.38987541 -0.33716795
 -0.36684026 -0.28064323 -0.30067885 -0.46606789 -0.53255495 -0.37687342
 -0.39695968 -0.34252319 -0.44821163 -0.55393103 -0.29678491 -0.52336836
 -0.22204035 -0.41811623 -0.38028903 -0.56716018 -0.45196169 -0.39320045
 -0.36450094 -0.5090831  -0.57348013 -0.51589852 -0.54837621 -0.42296647
 -0.45571633 -0.40656423 -0.5564214  -0.55665558 -0.58152976 -0.48664045
 -0.56911034 -0.4012267  -0.5296369   0.3089772  -0.4783196  -0.23651927
 -0.3606038  -0.4629612  -0.43852398 -0.22580231 -0.18218695 -0.39233855
 -0.37206762 -0.38618833 -0.32057488 -0.2589504  -0.2991921  -0.47491014
 -0.36468286 -0.24783906 -0.27253728 -0.24522962 -0.32098532 -0.37271291
 -0.35663779  0.36794235 -0.30026145 -0.40292363 -0.42576943 -0.35797566
 -0.34762998 -0.3671268  -0.33411048  0.43597104 -0.33912803 -0.55330379
 -0.55048119 -0.57874335 -0.48394854 -0.47209149 -0.22452179 -0.46227828
 -0.27431864 -0.39779905 -0.57859274  0.34552269 -0.57230441 -0.55179464
 -0.55385513 -0.24501525 -0.34261538 -0.26005516 -0.3518447  -0.37122561
 -0.33805246 -0.37492261 -0.46439197 -0.27891779 -0.3156827  -0.37649963
 -0.38420635 -0.46886056 -0.28364843 -0.51404909 -0.44998131 -0.56115414
 -0.42172094 -0.51943262 -0.33021568  0.02120178 -0.4710179  -0.54340538
 -0.54851548 -0.46014987 -0.53964245 -0.46864476 -0.36627958 -0.39814914
 -0.4108498  -0.39230155 -0.42797188 -0.36418977 -0.50993789 -0.55993076
 -0.55696887 -0.33477791 -0.52681571 -0.56856123 -0.57473789 -0.52773171
 -0.52242215 -0.285974   -0.47111251 -0.50864377];
Y = [  8.04493967e-01   8.60025198e-01   7.08640969e-01   7.98042360e-01
   8.45713848e-01   7.78827428e-01   5.64709377e-01   6.06885935e-01
   6.14664632e-01   7.43051344e-01   5.88626736e-01   6.94929504e-01
   7.47049103e-01   7.92840967e-01   5.70360259e-01   8.01369369e-01
   6.27338040e-01   5.72663941e-01   7.83187129e-01   8.52490382e-01
   8.78135110e-01   6.63701363e-01   7.69709508e-01   4.07910300e-01
   6.32929644e-01   8.51788062e-01   8.50765545e-01   8.18033330e-01
   7.58565803e-01   8.03365404e-01  -9.98001391e-02   8.78135110e-01
   8.48705304e-01   8.37234441e-01   7.02855061e-01   8.78135110e-01
   6.79409209e-01   8.44015630e-01   6.82013981e-01   6.34283788e-01
   8.48705304e-01   6.70330353e-01   5.88269619e-01   7.08955071e-01
   7.97976262e-01   7.17724535e-01  -2.02170400e-01   7.73633837e-01
   8.49119808e-01   6.70776018e-01   6.70997268e-01   6.26751784e-01
   6.11129728e-01   8.54901052e-01   7.61782534e-01   4.15152507e-01
   4.27534521e-01   1.14411854e-01   6.51605272e-01   5.56164888e-01
   8.53610271e-01   1.64119870e-01   4.44183735e-01   4.67800580e-01
   3.44935295e-01  -1.25477451e-02   7.18056753e-01   8.41915286e-01
   8.78135110e-01   5.75489812e-01   5.77781497e-01   2.96578725e-01
   6.00376836e-01   5.37117001e-01   6.73213627e-01   8.43800336e-01
   6.91919468e-01   8.33683508e-01   4.19762380e-01   8.42687863e-01
   7.11976143e-01   7.82001485e-01   8.24479133e-01   5.93291166e-01
   7.44780303e-01   7.79670537e-01   7.59685153e-01   7.50160382e-01
   4.80596194e-01   6.91782063e-01   7.67362465e-01   2.10085914e-01
   4.19313805e-01   7.17817414e-01   7.63931933e-01   7.30513936e-01
   4.91492611e-01   7.53613708e-01   4.77766131e-01   5.38652230e-01
   8.45916451e-01  -4.47232888e-01  -3.93894246e-01  -4.14029164e-01
  -4.36887650e-01  -3.40363982e-01  -4.41377280e-01  -4.46149485e-01
  -4.27714194e-01  -3.03248027e-01  -3.88700618e-01  -3.30927261e-01
  -4.51136627e-01  -3.69260822e-01  -3.72580122e-01  -2.70338640e-01
  -4.16610259e-01  -4.15213442e-01  -1.40973222e-01  -4.33001565e-01
  -3.83136016e-01  -3.75641114e-01  -3.94469451e-01  -4.22127192e-01
  -3.76392514e-01  -3.87638355e-01  -3.76329496e-01  -3.63651054e-01
  -4.32972519e-01  -4.14153839e-01  -4.51136627e-01  -4.36887650e-01
  -3.01689207e-01  -4.42587241e-01  -4.28309784e-01  -4.14212412e-01
  -4.44012138e-01  -4.21022071e-01  -4.04291762e-01  -2.27497051e-01
  -4.51136627e-01  -4.51136627e-01  -4.51136627e-01  -4.51136627e-01
  -4.39627838e-01  -4.01876199e-01  -4.42938585e-01  -2.63962585e-01
  -4.43498877e-01  -3.99091426e-01  -4.30844745e-01  -4.27461981e-01
  -4.24551192e-01  -4.04000002e-01  -2.98885690e-01  -4.31450540e-01
  -4.51136627e-01  -4.51136627e-01  -3.65798728e-01  -4.18930124e-01
  -4.12940985e-01  -3.24931722e-01  -4.51136627e-01  -2.90276763e-01
  -2.62189179e-01  -3.27483442e-01  -3.21012002e-01  -4.40449894e-01
  -3.72109315e-01  -4.51136627e-01  -4.51136627e-01  -4.37623685e-01
  -4.51136627e-01  -4.32434844e-01  -4.51136627e-01  -4.32145465e-01
  -1.92667123e-01  -3.62229944e-01  -4.38625761e-01   8.24261886e-02
  -4.51136627e-01  -4.12099239e-01  -3.79435303e-01  -4.21091781e-01
  -2.98824240e-01  -4.45269401e-01  -4.51136627e-01  -4.39425411e-01
  -4.51136627e-01  -3.54326086e-01  -4.42069096e-01  -4.26056028e-01
  -4.04405623e-01  -3.90651523e-01  -4.37969680e-02  -4.03841330e-01
  -3.83958028e-01  -4.14928541e-01  -3.59034189e-01  -4.12798047e-01
  -4.51136627e-01  -1.11238473e-01  -1.08848324e-01  -2.54309037e-01
  -1.43618201e-01  -1.54870763e-01  -1.51231377e-01  -1.47675497e-01
  -1.06496301e-01  -1.20479069e-01  -1.12545972e-01  -1.42988137e-01
  -9.12496869e-02  -1.09349027e-01  -1.42164928e-01  -1.41796202e-01
  -1.75952639e-01  -1.51908104e-01  -1.16201563e-01  -1.31594830e-01
  -1.53855252e-01  -1.12552317e-01  -3.01503230e-01  -1.05252091e-01
  -1.26146863e-01  -1.67569734e-01  -1.51371333e-01  -1.25549138e-01
  -1.35854747e-01  -1.42555392e-01  -1.46325108e-01  -1.08818825e-01
  -1.49013217e-01  -1.60503602e-01  -1.17497551e-01  -1.89604460e-01
  -1.59326993e-01  -1.33947933e-01  -1.50563382e-01  -1.65611288e-01
  -1.30560642e-01  -2.83881841e-01  -1.89311669e-01  -1.50775322e-01
  -1.14777228e-01  -1.37975493e-01  -1.02542664e-01  -1.47320451e-01
  -1.32012336e-01  -1.28008680e-01  -1.85155718e-01  -1.49481170e-01
  -1.58110318e-01  -1.27742091e-01  -1.16539749e-01  -1.21218031e-01
  -1.98660642e-01  -2.08721438e-01  -1.17420227e-01  -1.39176075e-01
  -1.06003468e-01  -1.04183052e-01  -1.37696841e-01  -1.24356613e-01
  -1.22854108e-01   2.15505584e-04  -1.14821224e-01  -1.36326087e-01
  -5.49768642e-02  -1.27231805e-01  -1.19786756e-01  -9.37410235e-02
  -1.45256023e-01  -1.36646457e-01  -1.05958353e-01  -1.02725391e-01
  -1.00435602e-01  -1.09223248e-01  -1.21815650e-01  -1.24225748e-01
  -1.36767791e-01  -1.51666356e-01  -9.25953014e-02  -1.72968734e-01
  -1.76704030e-01  -1.45291220e-01  -1.74869294e-01  -1.37963719e-01
  -1.93760593e-01  -1.12729183e-01  -1.03659988e-01  -1.48462949e-01
  -1.20843740e-01  -1.69386581e-01   4.40251196e-02  -1.34538782e-01
  -1.49978179e-01  -9.29039424e-02  -1.43959431e-01  -1.63653690e-01
  -1.71505575e-01  -1.09959554e-01  -1.19380424e-01  -1.51196504e-01
  -1.51908104e-01  -1.67598298e-01  -1.48930506e-01  -9.06812081e-02
  -1.45520956e-01  -3.46891353e-01  -1.44177303e-01  -1.51176494e-01
  -1.40563936e-01  -1.20054722e-01  -1.24275120e-01  -4.68481311e-02
  -8.99041216e-02  -9.07636291e-02  -1.21218987e-01  -1.15081529e-01
  -1.31582866e-01  -1.51858026e-01  -1.29624240e-01  -1.26345706e-01
  -1.11027227e-01  -1.53890451e-01  -1.48674744e-01  -1.39235867e-01
  -1.20489598e-01  -1.01843589e-01  -1.09201257e-01  -3.51633834e-01
  -1.25208659e-01  -1.09086707e-01  -1.14564062e-01  -8.38375997e-02
  -1.05289772e-01  -1.00504301e-01  -9.80510453e-02  -3.78851626e-01
  -1.02769113e-01  -1.45140836e-01  -1.44464109e-01  -1.51240053e-01
  -1.28512691e-01  -1.53699247e-01  -1.84037445e-01  -1.56952363e-01
  -1.85336699e-01  -1.07858072e-01  -1.51203942e-01  -3.37959816e-01
  -1.53433540e-01  -1.41740277e-01  -1.43355133e-01  -1.40600236e-01
  -1.10689582e-01  -1.22393335e-01  -1.36081421e-01  -6.92017786e-02
  -2.76970968e-02  -1.02373372e-01  -1.23823941e-01  -1.18811665e-01
   5.78149561e-02  -8.85240804e-02  -9.01264920e-02  -1.61430072e-01
  -1.35529490e-01  -1.66001064e-01  -1.15219148e-01  -1.47022982e-01
  -1.13593424e-01  -1.37020114e-01  -1.21926410e-01  -2.27558862e-01
  -1.25412529e-01  -1.60840299e-01  -1.16620566e-01  -1.57544863e-01
  -1.50274282e-01  -1.46466181e-01  -1.00301177e-01  -1.07942009e-01
  -9.43649366e-02  -1.13579952e-01  -1.01661451e-01  -9.98001391e-02
  -1.40458351e-01  -1.46729673e-01  -1.57662499e-01  -1.98631518e-01
  -1.63334828e-01  -1.53385472e-01  -1.50279730e-01  -1.63471802e-01
  -1.44291878e-01  -1.89663611e-01  -1.37897428e-01  -1.53968238e-01];
Z = [ -7.72474164e-02  -3.13598622e-02  -1.31146521e-01  -3.46033824e-02
  -4.75822324e-02   2.40353911e-02  -7.13769327e-02  -7.21838539e-02
  -9.01603534e-02  -1.03994002e-02  -5.58968399e-02  -1.35042937e-02
  -2.33591457e-02  -7.85759926e-02  -1.98545454e-01  -3.41590925e-02
  -1.48497624e-02  -6.18145112e-02  -4.87782702e-02  -5.32593382e-02
  -4.69620647e-02  -7.12230593e-02  -1.05269674e-01   9.47577016e-02
  -5.16524595e-02  -5.12818936e-02  -4.93523858e-02  -5.80046650e-02
  -2.55736510e-02  -6.39771272e-02   7.95556870e-01  -4.69620647e-02
  -6.27884158e-02  -4.77444302e-02  -4.06382075e-02  -4.69620647e-02
  -5.23696814e-02  -4.92335687e-02  -3.49876762e-02   6.19765353e-02
  -6.27884158e-02  -5.48467232e-02   9.94741994e-02  -5.01982127e-02
  -4.34181141e-02   5.77168033e-02  -1.25445532e-01  -6.29116760e-02
  -6.25655094e-02  -3.55494947e-02  -6.50524492e-02   3.02508247e-02
   1.08030117e-01  -5.94565524e-02  -1.42626388e-02  -1.13722220e-03
  -5.55813450e-02  -1.55293552e-01  -8.13920794e-02  -7.11393758e-02
  -6.01506906e-02  -1.32811834e-01  -1.18112187e-01   1.19930246e-01
  -1.30009408e-01  -7.27082849e-03   1.43665646e-02  -1.57576597e-02
  -4.69620647e-02  -1.13461307e-02   8.13246512e-02  -5.80863234e-02
  -5.22751435e-02  -6.62047089e-02  -8.05607337e-02  -6.54261410e-02
  -1.82281283e-02  -8.66574949e-03  -2.17342784e-02  -4.76401148e-02
  -5.01404243e-02  -1.29165623e-02  -2.79599238e-02  -5.24106812e-02
   6.79268810e-02  -4.88455371e-02  -4.92278260e-02  -6.07763855e-02
  -5.69247111e-02  -2.50100520e-03  -4.90809711e-02  -4.55759892e-02
  -3.04084386e-02  -3.98741634e-02   1.72604659e-03  -3.06540634e-02
  -7.97969360e-02   1.99500263e-02   1.26056143e-01  -6.45552998e-04
  -3.78026310e-02  -6.27450993e-02  -1.63754565e-02  -2.76705634e-02
  -9.75553898e-02  -7.02700352e-02  -4.82793358e-02  -8.11971985e-02
  -1.45258875e-02  -9.62710245e-02  -6.50247123e-02  -2.13409238e-02
  -7.23889417e-02   1.12583871e-03  -1.03263199e-01  -3.30461732e-02
  -1.33369181e-01  -3.87618413e-02  -6.64560037e-02  -1.04418967e-01
   9.56005703e-02  -7.67515615e-02   6.76023183e-02  -7.23691124e-04
  -1.09052069e-01  -1.73477385e-02  -2.04512794e-01   8.97912136e-02
  -8.51394368e-02   1.89737754e-02  -7.23889417e-02  -9.75553898e-02
   1.55137221e-01  -8.74888105e-02  -6.04784012e-02  -7.16826395e-02
  -8.49721657e-02   2.00641366e-03   4.33371666e-02   1.33452299e-01
  -7.23889417e-02  -7.23889417e-02  -7.23889417e-02  -7.23889417e-02
  -9.27156882e-02   2.66668668e-02  -8.68682680e-02   1.32503673e-01
  -5.35205544e-02  -4.52329095e-02  -8.32475095e-02  -3.15099439e-02
  -7.18804041e-02  -7.75373087e-02  -3.92581893e-02  -1.07158377e-01
  -7.23889417e-02  -7.23889417e-02  -4.79975829e-02  -3.68583428e-02
  -5.20850169e-02  -1.09231953e-01  -7.23889417e-02   1.33329301e-01
  -4.00671643e-02  -7.00236508e-02   2.49072470e-01  -9.12637777e-02
  -1.06491886e-01  -7.23889417e-02  -7.23889417e-02  -3.90064104e-02
  -7.23889417e-02  -1.05419905e-01  -7.23889417e-02  -2.54729518e-02
  -6.74448267e-02  -9.62549258e-02  -6.58610493e-02  -9.18615679e-02
  -7.23889417e-02   2.40494819e-02   1.04742857e-01  -4.42644577e-02
  -6.94754453e-02  -8.27515968e-02  -7.23889417e-02  -4.34574146e-02
  -7.23889417e-02   9.60521056e-02  -8.84039541e-02  -7.19091893e-02
  -2.08347394e-02  -5.11085034e-02   1.73020995e-01   4.44499176e-02
   4.15453251e-02   6.03634984e-03   1.54953628e-02  -3.91565171e-02
  -7.23889417e-02   4.89020992e-01   2.95453593e-01  -2.92441029e-01
  -3.78723248e-01  -5.95651724e-01  -5.82748752e-01  -2.50023630e-01
   5.83702829e-02   7.09739532e-01   4.53981320e-01  -4.48820344e-01
   6.88287990e-01  -3.58532259e-01  -3.95704893e-01  -5.08837368e-01
  -4.68206513e-01  -6.00884352e-01  -2.98402287e-01  -5.65089602e-02
  -3.95997708e-01   4.28217761e-01   8.08283502e-02   7.64957045e-01
   8.94910838e-02  -4.47806264e-01  -2.44598642e-01   2.99771322e-01
  -4.55409469e-01  -3.50241056e-01  -4.51265649e-01   5.53865120e-01
  -5.23304284e-01  -5.33930034e-01   5.01865380e-01  -3.07249950e-01
  -5.87781160e-01  -4.22892446e-01  -5.64847159e-01  -1.48490742e-01
   6.37246728e-01  -2.24325853e-01  -5.34822426e-01  -5.70526934e-01
   5.86987100e-01  -2.27504346e-01   7.22059964e-01  -2.46925800e-01
  -6.76977034e-02  -3.77605156e-01  -5.42162640e-01  -2.19270131e-01
  -2.92235251e-01   4.67405628e-02   4.55132051e-01  -3.22617733e-01
  -2.36707151e-01  -3.79032944e-01  -5.49231023e-01  -1.61431382e-01
   6.29313868e-01   6.78099197e-01  -2.20036746e-01   5.78061780e-01
   6.66163325e-01   1.75735435e-01   6.12174016e-01  -2.06005835e-01
   4.42166320e-01   3.39751275e-01   2.59935580e-01   2.98174040e-01
  -4.22615260e-01   4.28496989e-01   6.30522908e-01   4.65133586e-01
   7.78527099e-01   7.21365072e-01   5.28695457e-01   1.40975047e-01
  -3.04654126e-01   9.49103658e-02   4.16961424e-01  -2.44312074e-01
  -4.64060331e-01  -4.23558482e-01   7.17612289e-02  -2.27188814e-01
  -3.37003667e-01   4.49071454e-01   6.92116780e-01  -5.08557659e-01
   2.31609454e-01  -1.85063821e-01   1.27519227e-02  -1.35403944e-01
  -5.49164307e-01  -4.13972343e-01  -3.87867894e-01  -2.13118400e-01
  -4.23541050e-01   5.23294745e-01  -5.83392069e-01  -5.89382156e-01
  -6.00884352e-01  -4.78666153e-01  -5.21087711e-01  -3.83348258e-01
  -3.44239978e-01  -5.92386119e-02  -3.16933764e-01   5.76198702e-01
   2.90769956e-01   1.42345367e-01   2.33580719e-01   6.51010554e-01
   4.51433297e-01   3.67830886e-01   4.97279672e-01   5.27312254e-01
   5.40150248e-01   4.91630427e-01   6.37364853e-01   8.41622854e-02
   6.51517385e-01   5.03467389e-01   4.86008136e-01   6.98134381e-01
   6.79434458e-01   7.40794469e-01   7.01903732e-01   8.02097367e-02
   4.89748168e-01   5.46686157e-01   3.99898524e-01   7.56954109e-01
   7.81995217e-01   7.76686043e-01   6.96031367e-01  -3.46722303e-02
  -2.12770559e-01  -4.19528349e-01  -4.01392749e-01  -5.82981259e-01
   2.60892581e-02  -2.53166689e-01   2.00099256e-01  -2.61203224e-01
   1.50690351e-02   5.79612351e-01  -5.82013525e-01   1.77722690e-01
  -5.89002027e-01  -5.68691379e-01  -5.23334638e-01   6.81558483e-01
  -2.03542111e-01   5.31112216e-01   3.77260806e-01   5.75169824e-01
   6.06261552e-01   7.26596810e-01   1.51743060e-01   5.41131049e-01
   3.15100242e-01   6.39265917e-01   5.88418099e-01  -3.40264946e-01
   6.15093344e-01  -5.51185561e-01   2.16390730e-01  -4.69967987e-01
   4.25910664e-01  -2.01901146e-01   6.29970973e-01   4.79940211e-01
   1.09170507e-01  -5.85108369e-01  -5.37285542e-01  -2.61512378e-01
  -4.38384002e-01  -1.49777709e-01   7.82129551e-01   5.77362929e-01
   4.05567258e-01   5.25661459e-01   3.12872317e-01   7.95556870e-01
  -4.47198807e-01  -4.62107584e-01  -5.90720979e-01  -3.58167265e-01
  -5.60588035e-01  -5.75722398e-01  -5.57245564e-01  -5.65425535e-01
  -5.72456473e-01  -7.92519778e-02  -3.79890318e-01  -5.67947266e-01];
C = [[1, 0, 0];[1, 0, 0];[1, 0, 0];[1, 0, 0];[1, 0, 0];[1, 0, 0];[1, 0, 0];[1, 0, 0];[1, 0, 0];[1, 0, 0];[1, 0, 0];[1, 0, 0];[1, 0, 0];[1, 0, 0];[1, 0, 0];[1, 0, 0];[1, 0, 0];[1, 0, 0];[1, 0, 0];[1, 0, 0];[1, 0, 0];[1, 0, 0];[1, 0, 0];[1, 0, 0];[1, 0, 0];[1, 0, 0];[1, 0, 0];[1, 0, 0];[1, 0, 0];[1, 0, 0];[1, 0, 0];[1, 0, 0];[1, 0, 0];[1, 0, 0];[1, 0, 0];[1, 0, 0];[1, 0, 0];[1, 0, 0];[1, 0, 0];[1, 0, 0];[1, 0, 0];[1, 0, 0];[1, 0, 0];[1, 0, 0];[1, 0, 0];[1, 0, 0];[1, 0, 0];[1, 0, 0];[1, 0, 0];[1, 0, 0];[1, 0, 0];[1, 0, 0];[1, 0, 0];[1, 0, 0];[1, 0, 0];[1, 0, 0];[1, 0, 0];[1, 0, 0];[1, 0, 0];[1, 0, 0];[1, 0, 0];[1, 0, 0];[1, 0, 0];[1, 0, 0];[1, 0, 0];[1, 0, 0];[1, 0, 0];[1, 0, 0];[1, 0, 0];[1, 0, 0];[1, 0, 0];[1, 0, 0];[1, 0, 0];[1, 0, 0];[1, 0, 0];[1, 0, 0];[1, 0, 0];[1, 0, 0];[1, 0, 0];[1, 0, 0];[1, 0, 0];[1, 0, 0];[1, 0, 0];[1, 0, 0];[1, 0, 0];[1, 0, 0];[1, 0, 0];[1, 0, 0];[1, 0, 0];[1, 0, 0];[1, 0, 0];[1, 0, 0];[1, 0, 0];[1, 0, 0];[1, 0, 0];[1, 0, 0];[1, 0, 0];[1, 0, 0];[1, 0, 0];[1, 0, 0];[0, 1, 0];[0, 1, 0];[0, 1, 0];[0, 1, 0];[0, 1, 0];[0, 1, 0];[0, 1, 0];[0, 1, 0];[0, 1, 0];[0, 1, 0];[0, 1, 0];[0, 1, 0];[0, 1, 0];[0, 1, 0];[0, 1, 0];[0, 1, 0];[0, 1, 0];[0, 1, 0];[0, 1, 0];[0, 1, 0];[0, 1, 0];[0, 1, 0];[0, 1, 0];[0, 1, 0];[0, 1, 0];[0, 1, 0];[0, 1, 0];[0, 1, 0];[0, 1, 0];[0, 1, 0];[0, 1, 0];[0, 1, 0];[0, 1, 0];[0, 1, 0];[0, 1, 0];[0, 1, 0];[0, 1, 0];[0, 1, 0];[0, 1, 0];[0, 1, 0];[0, 1, 0];[0, 1, 0];[0, 1, 0];[0, 1, 0];[0, 1, 0];[0, 1, 0];[0, 1, 0];[0, 1, 0];[0, 1, 0];[0, 1, 0];[0, 1, 0];[0, 1, 0];[0, 1, 0];[0, 1, 0];[0, 1, 0];[0, 1, 0];[0, 1, 0];[0, 1, 0];[0, 1, 0];[0, 1, 0];[0, 1, 0];[0, 1, 0];[0, 1, 0];[0, 1, 0];[0, 1, 0];[0, 1, 0];[0, 1, 0];[0, 1, 0];[0, 1, 0];[0, 1, 0];[0, 1, 0];[0, 1, 0];[0, 1, 0];[0, 1, 0];[0, 1, 0];[0, 1, 0];[0, 1, 0];[0, 1, 0];[0, 1, 0];[0, 1, 0];[0, 1, 0];[0, 1, 0];[0, 1, 0];[0, 1, 0];[0, 1, 0];[0, 1, 0];[0, 1, 0];[0, 1, 0];[0, 1, 0];[0, 1, 0];[0, 1, 0];[0, 1, 0];[0, 1, 0];[0, 1, 0];[0, 1, 0];[0, 1, 0];[0, 1, 0];[0, 1, 0];[0, 1, 0];[0, 1, 0];[0, 0, 1];[0, 0, 1];[0, 0, 1];[0, 0, 1];[0, 0, 1];[0, 0, 1];[0, 0, 1];[0, 0, 1];[0, 0, 1];[0, 0, 1];[0, 0, 1];[0, 0, 1];[0, 0, 1];[0, 0, 1];[0, 0, 1];[0, 0, 1];[0, 0, 1];[0, 0, 1];[0, 0, 1];[0, 0, 1];[0, 0, 1];[0, 0, 1];[0, 0, 1];[0, 0, 1];[0, 0, 1];[0, 0, 1];[0, 0, 1];[0, 0, 1];[0, 0, 1];[0, 0, 1];[0, 0, 1];[0, 0, 1];[0, 0, 1];[0, 0, 1];[0, 0, 1];[0, 0, 1];[0, 0, 1];[0, 0, 1];[0, 0, 1];[0, 0, 1];[0, 0, 1];[0, 0, 1];[0, 0, 1];[0, 0, 1];[0, 0, 1];[0, 0, 1];[0, 0, 1];[0, 0, 1];[0, 0, 1];[0, 0, 1];[0, 0, 1];[0, 0, 1];[0, 0, 1];[0, 0, 1];[0, 0, 1];[0, 0, 1];[0, 0, 1];[0, 0, 1];[0, 0, 1];[0, 0, 1];[0, 0, 1];[0, 0, 1];[0, 0, 1];[0, 0, 1];[0, 0, 1];[0, 0, 1];[0, 0, 1];[0, 0, 1];[0, 0, 1];[0, 0, 1];[0, 0, 1];[0, 0, 1];[0, 0, 1];[0, 0, 1];[0, 0, 1];[0, 0, 1];[0, 0, 1];[0, 0, 1];[0, 0, 1];[0, 0, 1];[0, 0, 1];[0, 0, 1];[0, 0, 1];[0, 0, 1];[0, 0, 1];[0, 0, 1];[0, 0, 1];[0, 0, 1];[0, 0, 1];[0, 0, 1];[0, 0, 1];[0, 0, 1];[0, 0, 1];[0, 0, 1];[0, 0, 1];[0, 0, 1];[0, 0, 1];[0, 0, 1];[0, 0, 1];[0, 0, 1];[0, 0, 1];[0, 0, 1];[0, 0, 1];[0, 0, 1];[0, 0, 1];[0, 0, 1];[0, 0, 1];[0, 0, 1];[0, 0, 1];[0, 0, 1];[0, 0, 1];[0, 0, 1];[0, 0, 1];[0, 0, 1];[0, 0, 1];[0, 0, 1];[0, 0, 1];[0, 0, 1];[0, 0, 1];[0, 0, 1];[0, 0, 1];[0, 0, 1];[0, 0, 1];[0, 0, 1];[0, 0, 1];[0, 0, 1];[0, 0, 1];[0, 0, 1];[0, 0, 1];[0, 0, 1];[0, 0, 1];[0, 0, 1];[0, 0, 1];[0, 0, 1];[0, 0, 1];[0, 0, 1];[0, 0, 1];[0, 0, 1];[0, 0, 1];[0, 0, 1];[0, 0, 1];[0, 0, 1];[0, 0, 1];[0, 0, 1];[0, 0, 1];[0, 0, 1];[0, 0, 1];[0, 0, 1];[0, 0, 1];[0, 0, 1];[0, 0, 1];[0, 0, 1];[0, 0, 1];[0, 0, 1];[0, 0, 1];[0, 0, 1];[0, 0, 1];[0, 0, 1];[0, 0, 1];[0, 0, 1];[0, 0, 1];[0, 0, 1];[0, 0, 1];[0, 0, 1];[0, 0, 1];[0, 0, 1];[0, 0, 1];[0, 0, 1];[0, 0, 1];[0, 0, 1];[0, 0, 1];[0, 0, 1];[0, 0, 1];[0, 0, 1];[0, 0, 1];[0, 0, 1];[0, 0, 1];[0, 0, 1];[0, 0, 1];[0, 0, 1];[0, 0, 1];[0, 0, 1];[0, 0, 1];[0, 0, 1];[0, 0, 1];[0, 0, 1];[0, 0, 1];[0, 0, 1];[0, 0, 1];[0, 0, 1];[0, 0, 1];[0, 0, 1];[0, 0, 1];[0, 0, 1];[0, 0, 1];[0, 0, 1];[0, 0, 1];[0, 0, 1];[0, 0, 1];[0, 0, 1]];


-- topic: 0 words: 6941
patients: 0.0120476448776 (86)
ventricular: 0.0078465525936 (56)
cases: 0.00728640695574 (52)
fatty: 0.0070063341368 (50)
nickel: 0.00686629772734 (49)
left: 0.00686629772734 (49)
acids: 0.00644618849894 (46)
aortic: 0.00518586081374 (37)
blood: 0.00504582440427 (36)
glucose: 0.00462571517587 (33)
normal: 0.00448567876641 (32)
visual: 0.00448567876641 (32)
septal: 0.00434564235694 (31)
acid: 0.00378549671907 (27)
defect: 0.00364546030961 (26)
pulmonary: 0.00364546030961 (26)
increase: 0.00336538749068 (24)
clinical: 0.00336538749068 (24)
ffa: 0.00322535108121 (23)
regurgitation: 0.00322535108121 (23)
-- topic: 1 words: 6298
system: 0.00877689013095 (57)
research: 0.00785352909679 (51)
scientific: 0.00769963559109 (50)
retrieval: 0.00708406156831 (46)
language: 0.00585291352276 (38)
subject: 0.00569902001707 (37)
science: 0.00569902001707 (37)
methods: 0.00569902001707 (37)
data: 0.00523733949999 (34)
systems: 0.0049295524886 (32)
general: 0.0049295524886 (32)
journals: 0.00462176547721 (30)
considered: 0.00446787197152 (29)
development: 0.00446787197152 (29)
field: 0.00416008496013 (27)
problems: 0.00385229794874 (25)
library: 0.00369840444305 (24)
requests: 0.00369840444305 (24)
problem: 0.00369840444305 (24)
developed: 0.00354451093735 (23)
-- topic: 2 words: 10274
wing: 0.0128921359625 (135)
mach: 0.011173594813 (117)
supersonic: 0.0109826457963 (115)
ratio: 0.00916863013852 (96)
wings: 0.00897768112191 (94)
shock: 0.00859578308869 (90)
numbers: 0.00764103800562 (80)
lift: 0.00745008898901 (78)
edge: 0.00697271644748 (73)
jet: 0.00697271644748 (73)
effects: 0.00687724193917 (72)
speeds: 0.00678176743087 (71)
surface: 0.00678176743087 (71)
drag: 0.00668629292256 (70)
dimensional: 0.00659081841426 (69)
aerodynamic: 0.00601797136442 (63)
investigation: 0.00592249685611 (62)
high: 0.00592249685611 (62)
subsonic: 0.00592249685611 (62)
body: 0.00592249685611 (62)
-- topic: 3 words: 8003
boundary: 0.0151203501245 (124)
layer: 0.0119507780167 (98)
solution: 0.0101221787237 (83)
plate: 0.00963455224563 (79)
heat: 0.0086592992894 (71)
transfer: 0.00841548605034 (69)
field: 0.00731832647457 (60)
temperature: 0.00731832647457 (60)
velocity: 0.00719641985504 (59)
laminar: 0.00683069999645 (56)
distribution: 0.00670879337692 (55)
cylinder: 0.00658688675739 (54)
fluid: 0.00646498013787 (53)
problem: 0.00609926027928 (50)
case: 0.00609926027928 (50)
flat: 0.00597735365975 (49)
buckling: 0.00597735365975 (49)
thin: 0.00585544704022 (48)
equations: 0.00573354042069 (47)
turbulent: 0.00548972718163 (45)


Difference: 0.00101724008978
Difference: 0.000834584909406
Difference: 0.000669056013541
Difference: 0.000660231272266
Difference: 0.000554499246576
Difference: 0.000424144876945
Difference: 0.000401319612494
Difference: 0.00035541323096
Difference: 0.000339309692342
Difference: 0.000327378390205
Difference: 0.000281358226571
Difference: 0.000263572516084
Difference: 0.000272722213764
Difference: 0.000244114339989
Difference: 0.000267149978102
Difference: 0.000253555963606
Difference: 0.000234653830218
Difference: 0.000223056304611
Difference: 0.000208501570822
Difference: 0.000228860040042
Difference: 0.000214707128936
Difference: 0.000221301021283
Difference: 0.000198279671883
Difference: 0.000186681547409
Difference: 0.000201182790291
Difference: 0.00017615052845
Difference: 0.000178070022067
Difference: 0.000207383015711
Difference: 0.00017864281853
Difference: 0.000165925731284
Difference: 0.000184369973217
Difference: 0.000186989383956
Difference: 0.000153485873769
Difference: 0.000172356600623
Difference: 0.000153554292611
Difference: 0.000166768019232
Difference: 0.000168509751361
Difference: 0.000147398213247
Difference: 0.000149599092934
Difference: 0.00015001317906
Difference: 0.000151756446613
Difference: 0.000151457794865
Difference: 0.000148882653826
Difference: 0.000166949142815
Difference: 0.000152271764701
Difference: 0.000138193995498
Difference: 0.000131676776047
Difference: 0.000134634208381
Difference: 0.000143546587612
Difference: 0.000151421569228
Difference: 0.000156795477318
Difference: 0.000156011895363
Difference: 0.000146823317518
Difference: 0.000161930048701
Difference: 0.000148727820423
Difference: 0.000134134930138
Difference: 0.000133859719616
Difference: 0.000136888349445
Difference: 0.000146654931745
Difference: 0.000170577114295
Difference: 0.000121419650173
Difference: 0.000123111740154
Difference: 0.00012799107195
Difference: 0.000132873869683
Difference: 0.00013369638138
Difference: 0.000134566315974
Difference: 0.000146680915618
Difference: 0.000147366616717
Difference: 0.000133983923984
Difference: 0.000141252293379
Difference: 0.00013637264606
Difference: 0.000141242942967
Difference: 0.000153567667106
Difference: 0.000143402644404
Difference: 0.000124051960994
Difference: 0.000137595316786
Difference: 0.00012817632389
Difference: 0.000130245124795
Difference: 0.000133910839292
Difference: 0.000153407849788
Difference: 0.000141214678698
Difference: 0.000133400987626
Difference: 0.000132670734211
Difference: 0.000137512619187
Difference: 0.000129052643948
Difference: 0.000134793157163
Difference: 0.000135010451638
Difference: 0.000129476266538
Difference: 0.000129002254002
Difference: 0.000127730215732
Difference: 0.000127063898186
Difference: 0.000134288414276
Difference: 0.000127817855357
Difference: 0.000124746327879
Difference: 0.000117847818534
Difference: 0.000132464320369
Difference: 0.000145769622552
Difference: 0.000122571518417
Difference: 0.000125650192474
Difference: 0.000119049254528
Difference: 0.000130013203622
Difference: 0.000128737039845
Difference: 0.000139814180736
Difference: 0.000127299907473
Difference: 0.000136941362086
Difference: 0.000122520498256
Difference: 0.000119312538928
Difference: 0.000130797406744
Difference: 0.000124086981383
Difference: 0.000132588476294
Difference: 0.000115677525908
Difference: 0.000131612131156
Difference: 0.000123285410741
Difference: 0.00013715000461
Difference: 0.000129182788755
Difference: 0.000127097765259
Difference: 0.000133522356272
Difference: 0.000125609271846
Difference: 0.000142717753614
Difference: 0.000124632338975
Difference: 0.000114695779332
Difference: 0.000122083988609
Difference: 0.000123244034124
Difference: 0.000124794366703
Difference: 0.000124308505478
Difference: 0.000127143955971
Difference: 0.000128384101342
Difference: 0.000131226789114
Difference: 0.000121445586532
Difference: 0.000130437504959
Difference: 0.000132562619611
Difference: 0.000111871761072
Difference: 0.000120658174388
Difference: 0.000120323040664
Difference: 0.00013114392704
Difference: 0.00011362751243
Difference: 0.000127906651967
Difference: 0.000129733211633
Difference: 0.00012847171093
Difference: 0.000134983793826
Difference: 0.000125870014918
Difference: 0.000129267268168
Difference: 0.0001421149188
Difference: 0.000129620661817
Difference: 0.000134370750511
Difference: 0.000126710131285
Difference: 0.000132596465512
Difference: 0.000125216685563
Difference: 0.00013071831404
Difference: 0.000135676380134
Difference: 0.000132056465571
Difference: 0.00012096650577
Difference: 0.000127000432826
Difference: 0.000128687038178
Difference: 0.000120537049009
Difference: 0.000127426873786
Difference: 0.000130925867733
Difference: 0.000129310012886
Difference: 0.000157813322207
Difference: 0.00014183192045
Difference: 0.000130904052716
Difference: 0.000136297681598
Difference: 0.000123041816066
Difference: 0.000126800751309
Difference: 0.000119576317288
Difference: 0.00011829786252
Difference: 0.000129751440233
Difference: 0.000131292935752
Difference: 0.000130055477356
Difference: 0.000129513302011
Difference: 0.000130269527855
Difference: 0.000134670182605
Difference: 0.000131061043936
Difference: 0.000132995208514
Difference: 0.000129515411074
Difference: 0.000126439430518
Difference: 0.000122604555966
Difference: 0.000113154687849
Difference: 0.000121584201848
Difference: 0.000124870853024
Difference: 0.000135823490104
Difference: 0.00012015572077
Difference: 0.000124284864981
Difference: 0.000125309548007
Difference: 0.000125998240627
Difference: 0.000130927521864
Difference: 0.000128175482439
Difference: 0.000122799433398
Difference: 0.000131255088518
Difference: 0.000138470105135
Difference: 0.000135203747438
Difference: 0.000121031206006
Difference: 0.000123639684911
Difference: 0.000128134550626
Difference: 0.000129287202349
Difference: 0.00012124158099
Difference: 0.000127538594617
Difference: 0.000133428461272
Difference: 0.000120758618674
Difference: 0.0001371125692