


X = [ 0.52056678  0.49477845  0.43240134  0.50737154  0.51915436  0.48432462
  0.25901433  0.49562908  0.43878647  0.45338384  0.48350568  0.33994621
  0.49530817  0.43494884  0.17470247  0.48203353  0.41096502  0.4307178
  0.48992357  0.49277317  0.35627971  0.44365618  0.47765002  0.39273559
  0.45816321  0.47433666  0.4804372   0.50681664  0.5238644   0.45445849
 -0.64227662  0.52737552  0.4881947   0.50037585  0.52045189  0.49616556
  0.52069804  0.49713686  0.35351961  0.27554569  0.51667496  0.47206975
  0.33066644  0.47486402  0.45530306  0.50473015  0.32649605  0.46524924
  0.50368779  0.49623099  0.35314389  0.52291695  0.31175714  0.42217635
  0.42979981  0.42068936  0.45420725  0.44351914  0.48651958  0.41895043
  0.49349042  0.47934273  0.38539384  0.31608549  0.39452461  0.40507575
  0.43223281  0.48992357  0.52737552  0.40136216  0.36404219  0.49109394
  0.50725208  0.5006659   0.51177054  0.50524569  0.45101951  0.51716135
  0.49627282  0.52537808  0.44517861  0.42661599  0.48895184  0.51002889
  0.43345026  0.51558509  0.52403822  0.50350297  0.40503519  0.34562019
  0.51129911  0.07362692  0.49653274  0.41217074  0.45691225  0.36865956
  0.48212662  0.49896369  0.26790827  0.38467301  0.47537014  0.34531704
  0.28166729  0.47202111  0.41498046  0.29332472  0.17332055  0.16955845
  0.20732846  0.42144487  0.36978995  0.18899335  0.0955068   0.33459387
  0.21293453  0.33687245  0.30452018  0.23599274  0.31615393  0.23552635
  0.09758711  0.35326942  0.07353775  0.3703036   0.38750116  0.04541108
  0.08650953  0.20579857  0.29149921 -0.01713252  0.37197985  0.20120292
  0.26228289  0.358808    0.27851875  0.35885767  0.32335396  0.14430481
  0.17658277  0.28678626  0.19147762  0.35461743  0.18903221 -0.01910368
  0.36723663  0.15853369  0.28580511  0.11080754  0.29230298 -0.00902874
  0.2778514   0.18462446  0.36932329  0.40920856  0.52146205  0.39473807
  0.4664872   0.31863283  0.35481054  0.42423219  0.33294422  0.33230315
  0.16748492  0.29297334  0.2885018   0.19754725 -0.0669066   0.07751227
  0.23627196  0.27204633  0.37120487  0.43004535  0.38628026  0.01790357
  0.50329926  0.25530747  0.3593649   0.36455202  0.14909653  0.34902325
  0.36751209 -0.00087569  0.11290726  0.23140879  0.40018376  0.14608541
  0.07951166  0.3647245   0.44309073  0.25519378  0.41482438  0.38112052
  0.31002982  0.45902558 -0.17612008  0.3231112   0.36103285  0.38649997
  0.50430743  0.47630959  0.20022062 -0.69491016 -0.59807408  0.00395591
 -0.32793487  0.01623759 -0.12821421 -0.36512678 -0.53066912 -0.67889177
 -0.54863808 -0.09464755 -0.69948204 -0.25003448 -0.17973767 -0.09147109
  0.16319716  0.04353368 -0.01763676 -0.51774584 -0.6668085  -0.51937516
 -0.2222542  -0.71287113 -0.6414375  -0.07450625 -0.47722319 -0.46182574
 -0.113545   -0.20305588 -0.15180461 -0.62790192 -0.06998241 -0.02364353
 -0.63888531 -0.15121026 -0.08377631 -0.12133686 -0.08099259 -0.05664198
 -0.60812407  0.04691101 -0.17898127 -0.35854525 -0.67411325 -0.33482631
 -0.58333835 -0.34201731 -0.63253661 -0.30425288 -0.30376013 -0.10419676
 -0.09920463 -0.2146358  -0.51017459 -0.02662875 -0.24672977 -0.04206959
 -0.1255327  -0.23842136 -0.71287113 -0.69910665 -0.54550754 -0.65770424
 -0.57540888 -0.17848323 -0.61248148 -0.39218089 -0.6847902  -0.35967605
 -0.59551781 -0.71287113 -0.2428287  -0.49814036 -0.64522131 -0.71287113
 -0.68353468 -0.59779859 -0.65494068 -0.63769646 -0.57368276 -0.42781314
 -0.47967255 -0.15039329 -0.37672596 -0.2086884  -0.23715862 -0.21502337
  0.04832607 -0.54093779 -0.48463067 -0.31312044 -0.4788333  -0.27250147
 -0.22784438 -0.22193793 -0.1855725  -0.01797255 -0.09566803 -0.19570976
 -0.45059175 -0.69580795  0.0055776  -0.00793615  0.02352868 -0.12102375
 -0.03625071  0.04814938 -0.17646204  0.2174093  -0.08389533 -0.47861445
 -0.51665121 -0.64437266 -0.55911733 -0.47541189 -0.08536475 -0.59374763
 -0.48970137 -0.43067628 -0.4611234  -0.50419701 -0.55718298 -0.71287113
 -0.56671709 -0.54167699 -0.54208852 -0.53990998 -0.6244238  -0.67411336
 -0.6992341  -0.03166461 -0.5244369  -0.60616538 -0.58621898 -0.67478149
 -0.68985864 -0.63954556 -0.6803829   0.31828141 -0.15626524 -0.0816713
 -0.12550462 -0.07088156 -0.53803863 -0.43217514 -0.26608042 -0.22193793
 -0.27778946 -0.64454538  0.01043472 -0.14682614  0.01141534 -0.08771163
 -0.15755324 -0.62001405 -0.12388819 -0.40617941 -0.47386433 -0.64203867
 -0.67448053 -0.69468842 -0.58049034 -0.55258554 -0.09527439 -0.68790843
 -0.71287113 -0.2390782  -0.60012144 -0.10165846 -0.45488174 -0.57479617
 -0.60457704 -0.52000452 -0.62663498 -0.13482998 -0.23233905 -0.10836383
 -0.57973209 -0.2662024  -0.12289008 -0.27453791 -0.67038653 -0.64383365
 -0.66183352 -0.67276129 -0.57117244 -0.71287113 -0.07843438 -0.61681898
  0.02352868 -0.04511771  0.03033742 -0.11594099 -0.0067511  -0.20582101
  0.00393664 -0.31660903 -0.08930898 -0.1822232 ];
Y = [  2.70101689e-01   3.27628673e-01   2.64005946e-01   2.86673625e-01
   2.95723711e-01   2.77563177e-01   1.25823957e-01   2.38553925e-01
   2.92537739e-01   1.87395494e-01   3.13543497e-01   3.37735860e-01
   2.27624108e-01   3.24392634e-01   3.10105374e-01   3.11180301e-01
   3.28952476e-01   1.82011461e-01   3.33983097e-01   3.30253327e-01
   3.40318973e-01   2.66334337e-01   3.03752151e-01   3.03412935e-01
   3.31360671e-01   2.91554818e-01   3.32730336e-01   2.59068555e-01
   2.89558868e-01   2.84741061e-01   3.44154499e-01   2.84963258e-01
   2.92895034e-01   2.39107269e-01   2.74258802e-01   3.25813124e-01
   2.93703229e-01   2.88980505e-01   2.67175720e-01   3.21767590e-01
   2.98968926e-01   1.91386612e-01   3.19300656e-01   3.26107179e-01
   3.27571405e-01   3.14603161e-01   1.52919275e-01   2.73468730e-01
   2.66411778e-01   2.67218377e-01   3.06108153e-01   2.90798953e-01
   3.04573726e-01   1.82252184e-01   2.83997010e-01   3.28266485e-01
   2.31644136e-01   1.47811469e-01   3.13660633e-01   1.59169368e-01
   3.29314541e-01   3.00285378e-01   1.48189743e-01   3.19629431e-01
   9.90062019e-02   1.93453349e-01   3.03447993e-01   3.33983097e-01
   2.84963258e-01   3.33184682e-01   2.94916846e-01   3.32451227e-01
   3.11302276e-01   2.78036383e-01   3.05388191e-01   2.84607931e-01
   2.49527110e-01   2.98332305e-01   3.05708494e-01   2.87577650e-01
   2.97718408e-01   2.80323414e-01   2.99969327e-01   2.65781423e-01
   3.04448404e-01   3.00395430e-01   2.89331363e-01   2.51993180e-01
   1.91932335e-01   3.37412239e-01   2.57137802e-01   3.47813627e-01
   3.25332537e-01   3.32300585e-01   3.22089647e-01   2.66959536e-01
   3.20104461e-01   3.22150722e-01   3.10104560e-01   3.36873138e-01
   3.33453848e-01  -1.02248476e-01  -3.90353564e-02   2.27101989e-01
   1.92277070e-01  -2.15006631e-01  -4.73309601e-01  -4.44806097e-01
  -2.84966610e-01   2.59787509e-01   3.10861093e-02  -4.33891544e-01
  -6.57684821e-01   1.28762757e-01  -3.69671988e-01  -1.25402783e-01
  -2.01467321e-01   9.12587676e-02  -1.69188926e-02  -2.92621956e-01
  -4.42122342e-01  -2.25710767e-02  -5.24143344e-01   2.24990611e-02
   1.19449723e-02  -6.70945747e-01  -6.77323322e-01  -2.94457955e-01
  -1.60259309e-01  -4.45597865e-01   3.43622219e-02  -3.77163908e-01
  -7.89226348e-02   2.96026870e-03  -9.06893265e-02  -3.20100549e-02
  -7.62940213e-02  -4.63324279e-01  -4.46071513e-02   3.41603169e-01
  -4.48207470e-01  -3.26796072e-02  -2.77954576e-01  -4.43017874e-01
   2.09265125e-02  -3.14505104e-01  -2.42317060e-01  -5.32713765e-01
  -1.66978547e-01  -4.92015147e-01  -2.03241528e-01  -3.31421643e-01
   4.08871909e-03   5.61624889e-02   2.92703233e-01   4.19096528e-02
   1.62779759e-01  -1.36251031e-01   1.69983059e-01   6.33645866e-02
   7.61560321e-02  -7.54414547e-02  -5.00576808e-01  -1.84363893e-01
  -2.23354268e-01  -4.28876995e-01  -5.95424265e-01  -6.96961824e-01
   1.11830962e-01  -2.25272524e-01   4.15674054e-02   2.86336460e-01
   7.86995567e-02  -7.65739193e-01   3.16476012e-01  -5.25174505e-02
   1.76237160e-01  -4.78886603e-02  -5.05507006e-01  -6.80054840e-02
  -1.35290135e-03  -3.47106514e-01  -3.32648108e-01  -1.05307800e-01
   1.44951745e-01  -5.26773463e-01  -6.92597713e-01   3.67902447e-02
   1.28731695e-01   1.80455325e-01   5.91089112e-02   1.24964757e-01
  -1.89441331e-01   1.57904327e-01   2.90150123e-01  -9.04754008e-02
   4.59444470e-02   1.97631290e-01   2.93480988e-01   1.85837197e-01
  -2.87157128e-01   3.61596255e-01   2.39696744e-01  -4.67323218e-01
  -2.39297944e-01  -8.02854232e-01  -5.41488205e-01  -1.78399014e-01
   9.26640071e-02   3.88100702e-01   1.22086822e-01  -5.03204356e-01
   3.69082367e-01  -2.92105690e-01  -9.21614965e-03  -9.94329295e-02
  -2.89908749e-01   7.32656187e-02  -1.09216564e-01   1.03917740e-01
   3.87756554e-01   2.31092630e-01  -1.33049388e-02   3.91005982e-01
   2.95527167e-01  -5.59916752e-01   5.15036109e-03  -2.00617960e-02
  -5.80279501e-01  -4.43777814e-01  -5.27697878e-01   2.51875350e-01
  -6.61675524e-01  -7.20921821e-01   2.96795892e-01  -5.28671081e-01
  -6.07274737e-01  -5.77586509e-01  -6.43647196e-01  -6.04419458e-01
   3.68993052e-01  -6.93648884e-02  -4.83198159e-01  -1.47600509e-01
   3.27542887e-01  -2.28013731e-01   2.29557645e-01  -1.64550849e-01
   2.59464293e-01  -4.88603935e-04  -2.78882249e-01  -5.34668278e-01
  -6.13826365e-01  -3.96921401e-01   2.03989276e-01  -6.76053053e-01
  -1.12161473e-01  -5.50759043e-01  -5.24446900e-01  -3.19498245e-01
   3.91005982e-01   3.68467687e-01   1.16960797e-01   3.40106590e-01
   3.84489081e-01  -1.04892876e-01   2.51144287e-01  -1.34099954e-01
   3.89131665e-01   2.90670557e-01   2.25046927e-01   3.91005982e-01
  -3.78652837e-01   1.79101469e-01   3.85221834e-01   3.91005982e-01
   3.89615180e-01   2.47599025e-01   3.72647749e-01   3.87442052e-01
   1.94216089e-01  -7.57548498e-02   8.45516800e-02  -5.06686099e-01
   2.99428707e-01   5.11496959e-02  -1.50637122e-01  -4.24181950e-01
  -5.61676851e-01   1.52893972e-01   1.59854889e-01  -2.47648290e-01
   6.33089147e-02  -2.96880288e-01  -2.38208500e-01  -4.12859895e-01
  -4.72405516e-01  -6.67973306e-01  -5.70995351e-01  -4.03410305e-01
  -3.84566098e-02   3.75171766e-01  -7.65138597e-01  -7.32226939e-01
  -8.14792834e-01  -5.47742667e-01  -6.62091066e-01  -5.96240739e-01
  -4.77699379e-01  -4.32188155e-02  -4.94945412e-01   2.67176754e-01
   8.16636426e-02   3.33838284e-01   1.39245790e-01   3.54606627e-01
   1.19670376e-01   1.95950291e-01   2.42894841e-01   2.62983799e-01
   3.79070960e-01   1.92258942e-01   2.16174535e-01   3.91005982e-01
   1.69235347e-01   1.50659700e-01   2.33434460e-01   3.22584904e-01
   2.95533183e-01   3.65283599e-01   3.68676375e-01   6.72283626e-02
   2.47077461e-01   2.92268143e-01   3.43609789e-01   3.28637078e-01
   3.53324769e-01   3.22961648e-01   3.37808976e-01  -1.88073946e-02
  -3.86729562e-01  -6.42535860e-01  -5.70762121e-01  -6.60203242e-01
   1.43760859e-01   1.99275067e-02   1.94077612e-01  -4.12859895e-01
  -2.43263854e-01   2.79127742e-01  -7.67342108e-01  -4.01563669e-01
  -6.41337066e-01  -5.82651317e-01  -5.18284928e-01   3.59257503e-01
  -5.19988178e-01   2.65406422e-01   5.31162354e-02   3.85830822e-01
   3.65764186e-01   3.61233172e-01   1.86740970e-01   3.05864866e-01
  -3.44631564e-02   3.50131446e-01   3.91005982e-01  -3.68307263e-01
   3.81365735e-01  -4.18562184e-01   3.94182479e-02   1.64918704e-01
   2.13682627e-01   7.52015304e-02   2.97920003e-01  -3.24204511e-02
  -3.95828838e-01  -5.98828867e-01   1.93788535e-01  -3.40380185e-01
  -5.48310357e-01  -3.26731408e-01   3.21440666e-01   2.77962343e-01
   3.07435767e-01   3.47710178e-01   2.05179537e-01   3.91005982e-01
  -6.47836075e-01   2.33727876e-01  -8.14792834e-01  -5.72976132e-01
  -7.99931265e-01  -5.86421846e-01  -7.05063030e-01  -3.42661123e-01
  -6.24346902e-01  -1.49666808e-01  -4.63282851e-01  -4.30364639e-01];
Z = [  6.83758931e-01  -5.36059284e-01   4.59522280e-01   6.82832462e-01
   3.83517041e-01   6.51647322e-01   4.63289274e-01   4.09777823e-01
   6.45714021e-01   6.11805286e-01  -6.61733007e-01  -5.24684901e-01
   5.15574189e-01  -6.81220687e-01  -4.11410899e-01  -4.72998890e-01
  -4.03844649e-01  -5.69046731e-01  -7.19208767e-01  -6.11707983e-01
  -6.36804067e-01  -5.60077230e-01  -7.01306492e-01  -4.69970003e-01
  -5.74153098e-01  -6.54545181e-01  -6.61613163e-01   6.53984082e-01
   5.61202352e-01   6.51597474e-01   4.42145799e-02   6.93658674e-01
   5.33194069e-01   5.18560500e-01   6.37802682e-01  -4.83730860e-01
   4.41752076e-01   6.33774728e-01   5.86427414e-01   9.31681843e-02
   2.89982263e-01   3.31310622e-01   5.47350732e-02  -4.48839372e-01
  -4.53095829e-01  -1.60633267e-01   3.51927808e-01   6.53272551e-01
   3.14830845e-01   6.68590708e-01   4.09464231e-01   5.25460169e-01
   5.41257722e-01   5.91772181e-01   5.97908819e-01  -4.03002759e-01
  -5.17875937e-01   9.50973289e-02  -5.90230019e-01  -6.15686915e-01
  -5.84649963e-01  -6.24451433e-01  -2.39927977e-01   7.47432746e-02
  -5.80059264e-01  -4.43419342e-01  -6.59206000e-01  -7.19208767e-01
   6.93658674e-01  -5.12721457e-01  -6.26486261e-01  -6.75056659e-01
  -6.54939807e-02   1.21161204e-01   1.04963907e-01   1.63397596e-01
   1.68041500e-01   3.08331190e-01   1.27115933e-01   6.18305744e-01
   4.75098673e-01  -4.24483828e-01   3.16617581e-01   4.74378064e-01
   2.94676464e-01   2.48867072e-01   5.67759595e-01   6.21616570e-01
  -3.54889770e-01  -5.26523171e-01   5.94816567e-01  -2.83025532e-01
  -4.69879218e-01  -5.08089128e-01  -6.94340134e-01  -4.01550844e-01
  -2.81333788e-01  -3.78171798e-01  -5.21121071e-01  -5.90490898e-01
  -6.73178094e-01   3.23295746e-01   4.21843650e-01  -4.08760924e-02
   3.90087749e-01   2.40153437e-01   2.79366092e-02   1.46988685e-01
  -9.61900057e-02  -8.29653525e-02   1.01436230e-01  -3.38423020e-03
   6.57321173e-02   3.63051904e-01  -9.28431194e-02   3.60071329e-01
   3.69632470e-01   2.94612108e-01  -2.54923513e-01  -3.48143426e-01
  -1.64945294e-01  -3.12520750e-01   1.06826000e-01  -3.69707996e-01
   1.54874113e-01  -5.66296867e-02   5.26503141e-02   2.45364157e-01
  -3.72610644e-01  -6.22867513e-02  -4.52498233e-01  -2.98079055e-01
   5.72127394e-02  -4.44105925e-01  -3.43405785e-01  -7.96339643e-02
  -4.76249318e-01   9.14042852e-02  -2.99369811e-01  -5.32849761e-01
   2.05271352e-01  -1.74987921e-01  -2.46836803e-02  -1.36648196e-01
  -4.27372610e-01   1.89718569e-01   3.42421217e-01  -1.88733614e-01
   3.76479026e-01   7.22288468e-02  -2.55405835e-01   9.15415179e-02
   4.04991069e-01   4.40871225e-01   4.70574342e-01   1.82129032e-02
   4.93783198e-01   3.26747491e-02   4.02804692e-01   5.06976923e-01
   2.41162224e-01  -2.69178390e-01   1.70386544e-01  -8.66429904e-02
   2.10500805e-01   1.50914432e-01  -2.69992540e-03   3.95685108e-02
  -4.84265835e-01  -1.66612476e-01  -5.46044941e-01  -5.01496033e-01
  -5.68033998e-01  -5.18166967e-02  -2.14613252e-01   9.61563297e-02
  -5.44275869e-01   2.22708121e-01  -2.22076355e-01   5.70018352e-02
  -1.89286574e-01   1.35235658e-01   2.06548608e-01   3.66245122e-01
  -2.88398374e-01  -7.38122451e-02   4.24755782e-02   3.59062196e-01
   2.82962402e-01  -5.19250035e-01   3.24191884e-01   5.45086537e-01
   3.77643348e-01   3.64394217e-01  -5.68398857e-02  -3.34789923e-01
   2.09786157e-01   5.77425317e-01   4.82231538e-01   4.91257880e-01
   3.49370916e-02   2.09370496e-02   2.76223367e-02  -1.07004707e-03
  -9.63883861e-03  -3.83148252e-02  -3.46095174e-02  -6.54005870e-03
   7.25270656e-03   4.08232634e-02   8.74985646e-03   1.84430447e-02
   2.13179728e-02   1.39506375e-02  -1.80541434e-01  -2.06111920e-01
  -2.81788326e-01  -3.49424351e-01  -1.70635487e-01  -4.69568839e-03
   2.64214344e-02   5.32178142e-03   1.42135674e-01   2.24335335e-02
   9.27473357e-03   7.21449741e-03   2.79966398e-03   1.51676909e-03
  -3.08774464e-02  -2.00435881e-02  -2.43137749e-02   1.53540133e-02
  -3.11310908e-02  -4.05696107e-02   7.23494996e-03  -2.43632954e-02
  -1.71791438e-02  -2.68523071e-02  -3.02137377e-02  -4.11331117e-04
   1.88931787e-02  -2.69503558e-01  -2.20494522e-02  -2.10324897e-02
   1.92042787e-02  -9.06465292e-03   3.20242159e-02  -2.58013751e-02
   1.57401689e-02  -1.98103689e-03  -1.16530456e-02  -3.45556231e-02
  -2.86963351e-02  -7.85324568e-03  -4.30478290e-02  -1.19620585e-02
   8.82656435e-02  -2.80227181e-02  -4.20211123e-02   9.61201011e-03
   2.24335335e-02   2.12866954e-02   8.48902390e-03   4.61180188e-03
  -6.23255865e-02   1.30474063e-01   5.84577864e-03  -4.28594621e-03
   2.16241409e-02   1.10701455e-01   3.86914005e-03   2.24335335e-02
  -1.67297701e-02   6.07605785e-02   5.90458139e-02   2.24335335e-02
   4.34469694e-03   1.99372081e-02  -8.05023639e-03  -2.39191102e-02
   1.76472964e-02  -1.31711513e-03  -1.10997816e-02  -3.22536456e-02
  -8.54994952e-02  -1.82476405e-01   7.82916063e-02  -1.90464726e-02
   3.80142904e-02   2.55795750e-02   6.07917213e-02  -4.47182821e-03
   2.52769166e-02  -9.02977799e-04   4.84126838e-02  -1.84703614e-02
  -2.15002795e-02  -6.19150830e-02  -4.52984672e-02  -3.82290012e-02
   5.80767758e-04   2.58833037e-02  -2.92733771e-02  -2.38077853e-02
  -3.89223088e-02  -3.70597772e-02  -3.20396600e-02   3.60635944e-02
  -1.83865473e-02   2.81169980e-01  -7.82513416e-02   4.55491020e-03
   2.07583455e-03   3.88566426e-02   9.62297304e-03   1.44469745e-01
   2.74442297e-01   1.25083237e-02   9.12897447e-02   1.33349349e-01
  -1.32793925e-01   1.75360445e-02   2.99352747e-02   2.24335335e-02
   4.37152300e-03   9.55667765e-03  -3.27379974e-02  -4.95254162e-02
   3.49247544e-02   3.43917551e-02   2.12973142e-02   1.80496376e-01
   7.29787803e-02   1.61792656e-02   2.92281858e-02   1.92599555e-02
   2.05161635e-02   3.72582215e-02   1.97266581e-02  -7.15467856e-02
   2.98468246e-02  -3.01571885e-02  -2.65050550e-02  -3.10561752e-02
  -5.22362410e-03  -3.06493767e-02   2.00363317e-01  -1.84703614e-02
  -3.03650122e-02   1.67407234e-02  -2.73642998e-02   2.93105530e-02
  -7.19042521e-02  -9.53545277e-03  -2.38348066e-02   6.31068581e-02
  -4.45566912e-02   1.48424901e-01   2.40353868e-02   3.39875332e-02
   2.05401135e-02   2.09185745e-02   1.64333598e-02  -5.03913051e-02
   2.06712106e-01   2.03536745e-02   2.24335335e-02  -2.25718009e-02
   8.34540009e-02  -9.26345914e-02   2.94496455e-02   1.09293131e-02
   1.34106155e-02   6.36414625e-03   3.46124739e-02  -2.90278363e-02
  -1.76037534e-02  -2.79332027e-02   4.36853423e-03  -1.47823053e-02
  -1.59651058e-02  -1.40878012e-02   1.88937734e-02   1.66814233e-02
   1.81811484e-02   2.80981569e-02   2.92168489e-02   2.24335335e-02
  -3.04268845e-02   1.44305976e-02  -3.89223088e-02   1.25479980e-02
  -2.90225658e-02  -2.73018841e-02  -1.21944130e-02  -5.22085073e-02
   9.83875396e-03  -2.79921549e-02  -3.39931846e-02  -2.65438065e-03];
C = [[1, 0, 0];[1, 0, 0];[1, 0, 0];[1, 0, 0];[1, 0, 0];[1, 0, 0];[1, 0, 0];[1, 0, 0];[1, 0, 0];[1, 0, 0];[1, 0, 0];[1, 0, 0];[1, 0, 0];[1, 0, 0];[1, 0, 0];[1, 0, 0];[1, 0, 0];[1, 0, 0];[1, 0, 0];[1, 0, 0];[1, 0, 0];[1, 0, 0];[1, 0, 0];[1, 0, 0];[1, 0, 0];[1, 0, 0];[1, 0, 0];[1, 0, 0];[1, 0, 0];[1, 0, 0];[1, 0, 0];[1, 0, 0];[1, 0, 0];[1, 0, 0];[1, 0, 0];[1, 0, 0];[1, 0, 0];[1, 0, 0];[1, 0, 0];[1, 0, 0];[1, 0, 0];[1, 0, 0];[1, 0, 0];[1, 0, 0];[1, 0, 0];[1, 0, 0];[1, 0, 0];[1, 0, 0];[1, 0, 0];[1, 0, 0];[1, 0, 0];[1, 0, 0];[1, 0, 0];[1, 0, 0];[1, 0, 0];[1, 0, 0];[1, 0, 0];[1, 0, 0];[1, 0, 0];[1, 0, 0];[1, 0, 0];[1, 0, 0];[1, 0, 0];[1, 0, 0];[1, 0, 0];[1, 0, 0];[1, 0, 0];[1, 0, 0];[1, 0, 0];[1, 0, 0];[1, 0, 0];[1, 0, 0];[1, 0, 0];[1, 0, 0];[1, 0, 0];[1, 0, 0];[1, 0, 0];[1, 0, 0];[1, 0, 0];[1, 0, 0];[1, 0, 0];[1, 0, 0];[1, 0, 0];[1, 0, 0];[1, 0, 0];[1, 0, 0];[1, 0, 0];[1, 0, 0];[1, 0, 0];[1, 0, 0];[1, 0, 0];[1, 0, 0];[1, 0, 0];[1, 0, 0];[1, 0, 0];[1, 0, 0];[1, 0, 0];[1, 0, 0];[1, 0, 0];[1, 0, 0];[0, 1, 0];[0, 1, 0];[0, 1, 0];[0, 1, 0];[0, 1, 0];[0, 1, 0];[0, 1, 0];[0, 1, 0];[0, 1, 0];[0, 1, 0];[0, 1, 0];[0, 1, 0];[0, 1, 0];[0, 1, 0];[0, 1, 0];[0, 1, 0];[0, 1, 0];[0, 1, 0];[0, 1, 0];[0, 1, 0];[0, 1, 0];[0, 1, 0];[0, 1, 0];[0, 1, 0];[0, 1, 0];[0, 1, 0];[0, 1, 0];[0, 1, 0];[0, 1, 0];[0, 1, 0];[0, 1, 0];[0, 1, 0];[0, 1, 0];[0, 1, 0];[0, 1, 0];[0, 1, 0];[0, 1, 0];[0, 1, 0];[0, 1, 0];[0, 1, 0];[0, 1, 0];[0, 1, 0];[0, 1, 0];[0, 1, 0];[0, 1, 0];[0, 1, 0];[0, 1, 0];[0, 1, 0];[0, 1, 0];[0, 1, 0];[0, 1, 0];[0, 1, 0];[0, 1, 0];[0, 1, 0];[0, 1, 0];[0, 1, 0];[0, 1, 0];[0, 1, 0];[0, 1, 0];[0, 1, 0];[0, 1, 0];[0, 1, 0];[0, 1, 0];[0, 1, 0];[0, 1, 0];[0, 1, 0];[0, 1, 0];[0, 1, 0];[0, 1, 0];[0, 1, 0];[0, 1, 0];[0, 1, 0];[0, 1, 0];[0, 1, 0];[0, 1, 0];[0, 1, 0];[0, 1, 0];[0, 1, 0];[0, 1, 0];[0, 1, 0];[0, 1, 0];[0, 1, 0];[0, 1, 0];[0, 1, 0];[0, 1, 0];[0, 1, 0];[0, 1, 0];[0, 1, 0];[0, 1, 0];[0, 1, 0];[0, 1, 0];[0, 1, 0];[0, 1, 0];[0, 1, 0];[0, 1, 0];[0, 1, 0];[0, 1, 0];[0, 1, 0];[0, 1, 0];[0, 1, 0];[0, 0, 1];[0, 0, 1];[0, 0, 1];[0, 0, 1];[0, 0, 1];[0, 0, 1];[0, 0, 1];[0, 0, 1];[0, 0, 1];[0, 0, 1];[0, 0, 1];[0, 0, 1];[0, 0, 1];[0, 0, 1];[0, 0, 1];[0, 0, 1];[0, 0, 1];[0, 0, 1];[0, 0, 1];[0, 0, 1];[0, 0, 1];[0, 0, 1];[0, 0, 1];[0, 0, 1];[0, 0, 1];[0, 0, 1];[0, 0, 1];[0, 0, 1];[0, 0, 1];[0, 0, 1];[0, 0, 1];[0, 0, 1];[0, 0, 1];[0, 0, 1];[0, 0, 1];[0, 0, 1];[0, 0, 1];[0, 0, 1];[0, 0, 1];[0, 0, 1];[0, 0, 1];[0, 0, 1];[0, 0, 1];[0, 0, 1];[0, 0, 1];[0, 0, 1];[0, 0, 1];[0, 0, 1];[0, 0, 1];[0, 0, 1];[0, 0, 1];[0, 0, 1];[0, 0, 1];[0, 0, 1];[0, 0, 1];[0, 0, 1];[0, 0, 1];[0, 0, 1];[0, 0, 1];[0, 0, 1];[0, 0, 1];[0, 0, 1];[0, 0, 1];[0, 0, 1];[0, 0, 1];[0, 0, 1];[0, 0, 1];[0, 0, 1];[0, 0, 1];[0, 0, 1];[0, 0, 1];[0, 0, 1];[0, 0, 1];[0, 0, 1];[0, 0, 1];[0, 0, 1];[0, 0, 1];[0, 0, 1];[0, 0, 1];[0, 0, 1];[0, 0, 1];[0, 0, 1];[0, 0, 1];[0, 0, 1];[0, 0, 1];[0, 0, 1];[0, 0, 1];[0, 0, 1];[0, 0, 1];[0, 0, 1];[0, 0, 1];[0, 0, 1];[0, 0, 1];[0, 0, 1];[0, 0, 1];[0, 0, 1];[0, 0, 1];[0, 0, 1];[0, 0, 1];[0, 0, 1];[0, 0, 1];[0, 0, 1];[0, 0, 1];[0, 0, 1];[0, 0, 1];[0, 0, 1];[0, 0, 1];[0, 0, 1];[0, 0, 1];[0, 0, 1];[0, 0, 1];[0, 0, 1];[0, 0, 1];[0, 0, 1];[0, 0, 1];[0, 0, 1];[0, 0, 1];[0, 0, 1];[0, 0, 1];[0, 0, 1];[0, 0, 1];[0, 0, 1];[0, 0, 1];[0, 0, 1];[0, 0, 1];[0, 0, 1];[0, 0, 1];[0, 0, 1];[0, 0, 1];[0, 0, 1];[0, 0, 1];[0, 0, 1];[0, 0, 1];[0, 0, 1];[0, 0, 1];[0, 0, 1];[0, 0, 1];[0, 0, 1];[0, 0, 1];[0, 0, 1];[0, 0, 1];[0, 0, 1];[0, 0, 1];[0, 0, 1];[0, 0, 1];[0, 0, 1];[0, 0, 1];[0, 0, 1];[0, 0, 1];[0, 0, 1];[0, 0, 1];[0, 0, 1];[0, 0, 1];[0, 0, 1];[0, 0, 1];[0, 0, 1];[0, 0, 1];[0, 0, 1];[0, 0, 1];[0, 0, 1];[0, 0, 1];[0, 0, 1];[0, 0, 1];[0, 0, 1];[0, 0, 1];[0, 0, 1];[0, 0, 1];[0, 0, 1];[0, 0, 1];[0, 0, 1];[0, 0, 1];[0, 0, 1];[0, 0, 1];[0, 0, 1];[0, 0, 1];[0, 0, 1];[0, 0, 1];[0, 0, 1];[0, 0, 1];[0, 0, 1];[0, 0, 1];[0, 0, 1];[0, 0, 1];[0, 0, 1];[0, 0, 1];[0, 0, 1];[0, 0, 1];[0, 0, 1];[0, 0, 1];[0, 0, 1];[0, 0, 1];[0, 0, 1];[0, 0, 1];[0, 0, 1];[0, 0, 1];[0, 0, 1];[0, 0, 1];[0, 0, 1];[0, 0, 1];[0, 0, 1]];


-- topic: 0 words: 5975
fatty: 0.00810238576047 (50)
nickel: 0.00794044244063 (49)
acids: 0.00745461248112 (46)
science: 0.00599712260258 (37)
research: 0.0056732359629 (35)
glucose: 0.00534934932322 (33)
levels: 0.00534934932322 (33)
problems: 0.00502546268355 (31)
journals: 0.00486351936371 (30)
acid: 0.0043776894042 (27)
increase: 0.00405380276452 (25)
free: 0.00405380276452 (25)
library: 0.00389185944468 (24)
normal: 0.00389185944468 (24)
ffa: 0.00372991612484 (23)
blood: 0.00372991612484 (23)
life: 0.00356797280501 (22)
increased: 0.00356797280501 (22)
infants: 0.00340602948517 (21)
time: 0.00340602948517 (21)
-- topic: 1 words: 9476
wing: 0.013955377436 (135)
wings: 0.00961474080931 (93)
mach: 0.00837455891597 (81)
supersonic: 0.00827121042486 (80)
lift: 0.00806451344263 (78)
ratio: 0.00806451344263 (78)
edge: 0.00754777098707 (73)
speeds: 0.00734107400485 (71)
drag: 0.0069276800404 (67)
flutter: 0.00661763456706 (64)
numbers: 0.00651428607595 (63)
aerodynamic: 0.00651428607595 (63)
body: 0.00620424060262 (60)
leading: 0.0061008921115 (59)
investigation: 0.0061008921115 (59)
low: 0.00589419512928 (57)
speed: 0.00579084663817 (56)
shock: 0.00558414965594 (54)
model: 0.00548080116483 (53)
methods: 0.00548080116483 (53)
-- topic: 2 words: 10555
boundary: 0.0166464186026 (179)
layer: 0.0132991382679 (143)
velocity: 0.00865013780297 (93)
solution: 0.00772033770999 (83)
plate: 0.0073484176728 (79)
jet: 0.0072554376635 (78)
heat: 0.00660457759841 (71)
cylinder: 0.00651159758911 (70)
transfer: 0.00641861757982 (69)
effects: 0.00586073752403 (63)
temperature: 0.00558179749613 (60)
transition: 0.00548881748684 (59)
field: 0.00548881748684 (59)
surface: 0.00530285746824 (57)
laminar: 0.00520987745894 (56)
problem: 0.00520987745894 (56)
reynolds: 0.00502391744035 (54)
fluid: 0.00493093743105 (53)
wall: 0.00474497741245 (51)
flat: 0.00455901739386 (49)
-- topic: 3 words: 5510
patients: 0.015066940818 (86)
ventricular: 0.00981300036268 (56)
cases: 0.00928760631715 (53)
left: 0.0085870809231 (49)
retrieval: 0.00806168687757 (46)
language: 0.00666063608948 (38)
aortic: 0.00631037339245 (36)
visual: 0.00560984799841 (32)
septal: 0.0054347166499 (31)
field: 0.00490932260436 (28)
pulmonary: 0.00455905990734 (26)
defect: 0.00455905990734 (26)
present: 0.00438392855883 (25)
clinical: 0.00420879721032 (24)
volume: 0.00420879721032 (24)
developed: 0.00420879721032 (24)
turbine: 0.00403366586181 (23)
regurgitation: 0.00403366586181 (23)
technique: 0.00403366586181 (23)
ventricle: 0.00385853451329 (22)


Difference: 0.00100797628422
Difference: 0.000781432001186
Difference: 0.000670717199407
Difference: 0.00058503649276
Difference: 0.000537479598279
Difference: 0.00054713532513
Difference: 0.000426307249102
Difference: 0.000428780100725
Difference: 0.000379117149186
Difference: 0.000330703007455
Difference: 0.000368614097694
Difference: 0.000287391780588
Difference: 0.000304210851818
Difference: 0.000265481840193
Difference: 0.000244092963669
Difference: 0.000256059897777
Difference: 0.00026378228544
Difference: 0.000239365105826
Difference: 0.00023509464244
Difference: 0.000222454827185
Difference: 0.00022050642844
Difference: 0.000237510900259
Difference: 0.000213679400837
Difference: 0.000205947811173
Difference: 0.000216583016345
Difference: 0.000198625990233
Difference: 0.00019473050989
Difference: 0.000183279402233
Difference: 0.000182500181403
Difference: 0.000204047567546
Difference: 0.000185622393413
Difference: 0.000180523513295
Difference: 0.000193701202518
Difference: 0.00021338200263
Difference: 0.000186449287532
Difference: 0.000188526353379
Difference: 0.000180236080079
Difference: 0.000186786804998
Difference: 0.000176966728225
Difference: 0.000186389154209
Difference: 0.000187842377561
Difference: 0.000186041522031
Difference: 0.000169034933166
Difference: 0.000176507910227
Difference: 0.00016668112291
Difference: 0.000172387468461
Difference: 0.00017608981206
Difference: 0.000174641913343
Difference: 0.000167276297385
Difference: 0.000178757870646
Difference: 0.00016674666105
Difference: 0.000183516212235
Difference: 0.000169087084443
Difference: 0.000179637553868
Difference: 0.000167977891021
Difference: 0.000175646535664
Difference: 0.000166795487028
Difference: 0.000178018532107
Difference: 0.000170663386907
Difference: 0.000173112493619
Difference: 0.000173180563792
Difference: 0.000160270406371
Difference: 0.000175413739685
Difference: 0.000160776810073
Difference: 0.000154255541769
Difference: 0.000158964767643
Difference: 0.000170964345548
Difference: 0.000155104463344
Difference: 0.000160824559893
Difference: 0.000167503461
Difference: 0.000161442015117
Difference: 0.000161584500325
Difference: 0.000159801185102
Difference: 0.000163781337371
Difference: 0.000161348051536
Difference: 0.000157027371545
Difference: 0.000165401206453
Difference: 0.000193342687448
Difference: 0.000174709581906
Difference: 0.000165389712877
Difference: 0.000174781653218
Difference: 0.000162971302297
Difference: 0.000165733452116
Difference: 0.000167930298334
Difference: 0.000165180459012
Difference: 0.000170281832746
Difference: 0.000164943385678
Difference: 0.000162670597745
Difference: 0.000173010118992
Difference: 0.000157707517844
Difference: 0.00017684940839
Difference: 0.000168462736314
Difference: 0.000153326802045
Difference: 0.000162930959196
Difference: 0.00016464253374
Difference: 0.000159292728154
Difference: 0.000161744268181
Difference: 0.000166536240224
Difference: 0.000173519072288
Difference: 0.000172773650211